OTUs	"BKF01"	"BKF02"	"BKF03"	"BKF04"	"BKF05"	"BKF06"	"BKF07"	"BKF13"	"BKF14"	"BKF15"	"BKF16"	"BKF21"	"BKF22"	"BKF24"	"BKF25"	"BKF27"	"BKF28"	"BKF29"	"BKF31"	"BKF32"
"OTU_1"	411	406	469	262	153	66	231	299	232	534	159	1220	259	263	370	545	329	387	288	211
"OTU_2"	470	394	172	772	622	596	473	169	76	351	63	351	66	261	0	0	0	0	0	0
"OTU_3"	313	388	322	375	0	0	0	245	148	249	127	331	94	124	101	209	64	110	84	68
"OTU_4"	0	0	0	0	0	0	0	384	266	471	293	654	107	103	220	356	166	60	30	42
"OTU_5"	0	0	0	0	0	0	0	346	268	460	287	647	117	107	209	358	116	59	36	35
"OTU_6"	0	0	0	0	148	101	153	207	143	277	99	768	143	198	171	205	85	118	98	39
"OTU_7"	0	0	0	0	141	109	125	210	123	211	101	686	117	172	170	184	66	96	83	38
"OTU_8"	0	0	0	0	52	23	18	417	64	463	172	0	0	17	373	317	112	322	114	49
"OTU_9"	151	160	170	90	52	22	64	111	62	170	42	437	86	78	140	219	129	125	96	75
"OTU_10"	0	0	0	0	118	79	109	185	82	218	78	633	100	168	129	126	63	64	64	41
"OTU_11"	175	307	200	193	153	49	55	0	0	0	0	339	128	157	0	0	0	198	139	129
"OTU_12"	197	297	191	185	159	34	52	0	0	0	0	314	109	169	0	0	0	213	134	122
"OTU_13"	165	97	60	107	288	92	401	195	163	226	96	126	39	62	0	0	0	0	0	0
"OTU_14"	167	275	202	206	158	34	67	0	0	0	0	338	100	144	0	0	0	174	134	117
"OTU_15"	161	261	164	168	141	0	47	0	0	0	0	354	114	164	0	0	0	187	123	124
"OTU_16"	225	210	180	206	0	0	0	120	80	153	69	180	51	71	55	117	29	45	35	40
"OTU_17"	199	217	160	224	0	0	0	118	83	126	78	185	53	73	52	115	36	59	33	28
"OTU_18"	69	165	106	162	0	0	0	166	122	254	98	0	0	0	141	166	94	39	25	17
"OTU_19"	62	97	71	72	90	48	112	10	2	13	2	485	185	188	8	0	1	0	23	2
"OTU_20"	34	36	0	43	0	28	46	165	114	273	59	163	52	49	113	24	59	75	41	56
"OTU_21"	310	178	110	134	190	26	62	0	0	0	0	219	123	72	0	0	0	0	0	0
"OTU_22"	105	122	72	81	120	88	182	0	0	0	0	209	57	42	0	0	0	38	37	0
"OTU_23"	90	128	81	83	123	93	182	0	0	0	0	201	45	49	0	0	0	29	0	37
"OTU_24"	103	23	40	205	33	89	111	63	14	55	13	112	32	115	29	10	7	35	15	0
"OTU_25"	56	40	38	70	48	18	78	27	17	51	11	259	21	97	74	72	35	0	0	4
"OTU_26"	0	0	0	0	0	0	0	125	64	238	56	0	0	0	143	129	60	56	54	27
"OTU_27"	98	43	55	0	216	0	118	63	0	150	64	30	32	15	0	0	0	0	0	0
"OTU_28"	83	191	11	22	2	5	17	61	33	31	11	229	9	4	13	40	6	4	0	0
"OTU_29"	0	0	7	15	15	24	43	0	39	521	48	45	6	0	0	0	0	0	0	0
"OTU_30"	0	0	0	0	0	0	0	102	49	111	34	0	0	0	59	51	24	202	67	40
"OTU_31"	23	3	0	91	72	29	27	43	11	190	44	23	6	6	72	25	7	18	20	0
"OTU_32"	0	0	0	0	0	0	0	120	40	236	48	0	0	0	59	63	33	52	28	10
"OTU_33"	85	68	0	328	0	0	0	0	5	24	0	167	0	0	0	0	0	0	0	0
"OTU_34"	70	46	0	100	53	95	74	17	0	33	21	50	40	67	0	0	0	9	0	0
"OTU_35"	0	0	0	0	0	0	0	0	0	0	0	0	0	0	163	149	74	110	77	93
"OTU_36"	157	0	0	37	29	59	115	35	10	25	12	179	0	0	0	0	0	0	0	0
"OTU_37"	77	69	15	104	120	50	42	0	0	0	0	43	47	54	27	0	0	0	0	0
"OTU_38"	157	83	94	74	67	10	114	0	0	0	3	30	15	0	0	0	0	0	0	0
"OTU_39"	59	47	54	70	41	0	79	0	0	0	0	74	13	0	62	54	41	19	12	0
"OTU_40"	39	35	27	33	82	37	111	52	44	76	29	0	0	0	0	0	0	0	0	0
"OTU_41"	0	0	0	0	0	0	0	60	12	211	51	0	0	0	77	25	7	62	47	4
"OTU_42"	0	35	0	0	0	237	136	0	0	0	0	60	52	34	0	0	0	0	0	0
"OTU_43"	71	82	84	81	14	0	0	45	29	66	24	40	0	0	0	0	0	0	0	0
"OTU_44"	31	43	30	44	35	39	64	0	0	0	0	66	22	49	0	0	0	46	17	21
"OTU_45"	0	0	0	0	0	0	0	94	0	0	0	0	0	0	72	69	0	185	58	28
"OTU_46"	108	47	30	14	58	9	23	0	0	0	0	65	119	28	0	0	0	0	0	0
"OTU_47"	51	74	23	28	26	0	51	27	13	53	0	44	0	18	0	35	0	43	14	0
"OTU_48"	0	0	15	78	0	21	12	0	27	199	58	0	0	15	29	29	17	0	0	0
"OTU_49"	36	34	25	19	36	0	50	24	10	120	7	79	24	33	0	0	0	0	0	0
"OTU_50"	0	0	0	0	0	0	0	49	70	80	100	0	0	0	21	95	43	13	15	8
"OTU_51"	39	47	15	32	0	0	0	56	0	88	12	67	10	90	0	0	0	0	0	0
"OTU_52"	17	0	28	36	72	25	23	0	0	0	10	45	23	27	34	29	0	85	0	0
"OTU_53"	87	17	0	149	0	0	0	68	0	16	13	0	0	0	21	0	14	43	25	0
"OTU_54"	55	67	54	44	55	55	91	0	0	0	0	18	8	0	0	0	0	0	0	0
"OTU_55"	48	173	0	0	79	19	40	0	0	0	0	21	47	10	0	0	0	0	0	0
"OTU_56"	0	0	0	0	0	0	0	35	47	60	0	0	0	0	90	50	48	32	74	0
"OTU_57"	8	2	8	28	35	12	0	86	5	19	0	11	0	6	137	55	12	9	0	0
"OTU_58"	0	0	0	0	0	0	0	101	58	117	39	0	0	0	47	0	27	0	0	40
"OTU_59"	57	53	30	45	78	0	0	0	0	0	0	89	33	33	0	0	0	0	0	0
"OTU_60"	0	29	19	31	0	0	0	0	31	298	0	0	0	0	0	0	0	0	0	0
"OTU_61"	75	38	0	208	0	0	0	0	0	0	0	84	0	0	0	0	0	0	0	0
"OTU_62"	34	30	0	21	137	34	54	0	0	0	0	74	0	19	0	0	0	0	0	0
"OTU_63"	0	0	0	0	0	0	0	80	56	125	41	0	0	0	42	0	0	25	0	29
"OTU_64"	0	0	0	0	14	0	0	0	0	0	0	159	17	202	0	0	0	0	0	0
"OTU_65"	0	0	0	0	0	0	0	123	93	122	43	0	0	0	0	0	0	0	0	0
"OTU_66"	27	0	13	55	26	27	35	63	0	36	24	21	0	0	0	21	0	18	0	0
"OTU_67"	67	26	71	35	20	19	28	0	0	0	0	53	23	15	0	0	0	0	0	0
"OTU_68"	31	0	32	19	2	0	12	0	37	20	13	3	0	0	2	4	0	45	110	16
"OTU_69"	0	0	0	0	0	47	22	0	0	0	0	142	0	130	0	0	0	0	0	0
"OTU_70"	0	0	0	0	0	0	116	0	0	0	0	16	0	0	14	120	75	0	0	0
"OTU_71"	9	10	11	0	0	0	0	22	8	72	13	0	0	0	75	29	7	53	31	0
"OTU_72"	27	16	16	62	16	18	19	0	0	21	0	24	20	24	20	22	0	31	0	0
"OTU_73"	15	0	6	0	38	21	57	40	28	56	27	14	10	20	0	0	0	0	0	0
"OTU_74"	29	25	40	27	6	4	14	0	0	0	0	26	14	8	40	35	26	12	9	10
"OTU_75"	0	32	7	48	26	16	0	0	0	29	0	58	49	46	14	0	0	0	0	0
"OTU_76"	0	0	0	0	0	0	0	0	87	130	102	0	0	0	0	0	0	0	0	0
"OTU_77"	0	0	18	122	0	0	0	51	34	47	27	0	17	0	0	0	0	0	0	0
"OTU_78"	0	0	0	206	0	0	0	0	0	0	0	100	0	0	0	0	0	0	0	0
"OTU_79"	0	0	0	0	0	46	18	73	0	10	17	0	0	0	0	0	0	94	30	17
"OTU_80"	16	23	8	10	3	11	6	24	12	13	17	24	0	4	29	27	13	26	19	10
"OTU_81"	0	0	0	0	0	0	0	0	0	0	0	0	0	0	0	0	0	128	71	89
"OTU_82"	0	109	50	63	0	19	39	0	0	0	0	0	4	0	0	0	0	0	0	0
"OTU_83"	21	44	39	28	35	30	66	0	0	0	0	7	0	10	0	0	0	0	0	0
"OTU_84"	5	6	10	6	55	0	73	27	33	23	22	6	5	7	0	0	0	0	0	0
"OTU_85"	55	38	35	55	0	0	0	0	0	0	0	12	0	3	26	22	13	11	3	4
"OTU_86"	0	0	0	0	0	0	0	31	0	59	15	0	0	0	69	37	36	0	0	30
"OTU_87"	0	0	0	0	155	0	0	56	9	55	0	0	0	0	0	0	0	0	0	0
"OTU_88"	24	15	4	40	27	8	7	5	13	19	0	20	7	0	20	18	6	21	11	0
"OTU_89"	39	46	34	23	38	27	48	0	0	0	0	0	0	0	0	0	0	0	0	0
"OTU_90"	29	0	0	0	84	26	50	0	0	0	0	47	19	0	0	0	0	0	0	0
"OTU_91"	0	0	0	0	0	0	0	0	0	0	0	136	60	56	0	0	0	0	0	0
"OTU_92"	19	51	22	40	14	0	9	0	0	0	0	19	11	10	0	0	0	15	17	15
"OTU_93"	27	27	0	0	0	0	0	0	0	0	0	69	82	35	0	0	0	0	0	0
"OTU_94"	0	12	0	19	0	0	0	0	30	16	8	20	0	0	0	26	0	76	9	20
"OTU_95"	0	0	0	27	26	25	25	24	0	79	0	0	0	0	15	0	0	14	0	0
"OTU_96"	0	0	0	0	0	0	0	51	31	61	19	0	0	0	33	35	0	0	0	0
"OTU_97"	0	0	0	5	0	0	0	0	0	0	0	0	0	0	92	59	10	25	34	0
"OTU_98"	0	19	0	62	82	31	18	0	0	0	0	5	0	5	0	0	0	0	0	0
"OTU_99"	30	22	12	38	18	16	28	10	0	0	0	24	14	9	0	0	0	0	0	0
"OTU_100"	20	10	15	0	0	0	107	0	0	0	0	43	22	0	0	0	0	0	0	0
"OTU_101"	0	0	0	0	0	48	14	63	0	0	26	0	0	0	0	0	0	38	13	13
"OTU_102"	49	43	18	8	10	36	14	0	0	0	0	25	0	10	0	0	0	0	0	0
"OTU_103"	0	0	0	0	0	0	0	46	60	59	48	0	0	0	0	0	0	0	0	0
"OTU_104"	0	5	0	19	26	0	8	18	5	30	20	4	0	20	14	43	0	0	0	0
"OTU_105"	0	0	0	126	0	0	0	0	0	0	0	79	0	0	0	0	0	0	0	0
"OTU_106"	179	14	0	0	0	0	0	0	11	0	0	0	0	0	0	0	0	0	0	0
"OTU_107"	0	0	0	0	0	0	0	0	11	52	16	0	0	0	56	50	7	12	0	0
"OTU_108"	0	0	20	0	58	30	29	0	0	0	0	27	11	27	0	0	0	0	0	0
"OTU_109"	0	0	0	0	0	0	0	0	0	0	0	0	0	0	0	0	0	114	39	40
"OTU_110"	0	0	0	30	0	0	0	0	0	0	0	0	0	0	57	33	33	16	21	0
"OTU_111"	0	0	0	0	0	6	0	9	8	22	8	10	0	13	37	29	7	33	0	8
"OTU_112"	9	0	14	34	22	20	8	17	0	27	8	0	0	9	0	0	0	14	4	0
"OTU_113"	0	0	0	0	0	0	0	19	0	84	8	0	0	33	23	0	0	17	0	0
"OTU_114"	10	17	29	10	62	4	19	0	0	0	0	10	0	0	8	14	0	0	0	0
"OTU_115"	0	0	0	0	0	0	0	45	32	59	45	0	0	0	0	0	0	0	0	0
"OTU_116"	0	0	0	0	0	0	0	14	26	58	27	0	0	0	0	21	19	0	0	16
"OTU_117"	56	15	19	33	13	0	11	6	5	5	3	0	6	0	0	0	0	0	0	0
"OTU_118"	0	30	26	22	28	23	43	0	0	0	0	0	0	0	0	0	0	0	0	0
"OTU_119"	0	0	0	0	0	0	0	0	0	170	0	0	0	0	0	0	0	0	0	0
"OTU_120"	0	0	0	0	0	0	0	32	0	34	45	0	15	0	16	26	0	0	0	0
"OTU_121"	34	29	12	0	10	10	14	0	0	0	0	33	10	12	0	0	0	0	0	0
"OTU_122"	0	0	158	0	0	0	0	0	0	0	0	0	0	0	0	0	0	0	0	0
"OTU_123"	50	37	32	0	7	0	30	0	0	0	0	0	0	0	0	0	0	0	0	0
"OTU_124"	0	14	0	85	16	10	0	0	0	0	0	12	8	0	0	0	0	5	5	0
"OTU_125"	0	12	13	102	12	0	15	0	0	0	0	0	0	0	0	0	0	0	0	0
"OTU_126"	0	0	75	76	0	0	0	0	0	0	0	0	0	0	0	0	0	0	0	0
"OTU_127"	0	0	0	0	0	0	0	62	0	76	11	0	0	0	0	0	0	0	0	0
"OTU_128"	12	0	7	22	17	6	16	0	0	0	14	32	12	9	0	0	0	0	0	0
"OTU_129"	0	0	0	22	0	13	0	15	0	19	0	35	7	9	21	5	0	0	0	0
"OTU_130"	26	31	19	26	18	0	7	0	0	0	0	18	0	0	0	0	0	0	0	0
"OTU_131"	0	0	0	0	0	0	0	61	0	0	83	0	0	0	0	0	0	0	0	0
"OTU_132"	0	0	0	0	0	0	0	0	0	0	0	19	7	0	42	46	25	0	0	0
"OTU_133"	0	0	0	0	0	0	0	0	0	63	0	0	0	0	16	0	0	0	57	0
"OTU_134"	21	35	19	0	17	0	0	0	0	0	0	14	0	14	0	0	0	0	10	0
"OTU_135"	0	0	0	0	0	0	0	19	7	24	10	0	0	0	10	18	13	11	14	4
"OTU_136"	36	0	0	0	62	0	16	15	0	0	0	0	0	0	0	0	0	0	0	0
"OTU_137"	16	8	0	30	22	4	3	6	0	9	0	14	0	0	0	0	0	17	0	0
"OTU_138"	0	17	22	11	7	3	13	10	0	5	0	29	0	12	0	0	0	0	0	0
"OTU_139"	37	0	0	36	0	0	0	0	0	0	0	22	32	0	0	0	0	0	0	0
"OTU_140"	48	16	0	39	0	0	0	8	7	8	0	0	0	0	0	0	0	0	0	0
"OTU_141"	0	0	0	0	0	0	0	17	0	30	9	0	0	0	27	21	9	13	0	0
"OTU_142"	0	0	0	29	12	0	0	15	0	0	0	5	0	10	0	0	0	52	0	0
"OTU_143"	27	95	0	0	0	0	0	0	0	0	0	0	0	0	0	0	0	0	0	0
"OTU_144"	0	0	0	0	0	0	0	0	0	65	16	0	0	0	0	0	0	39	0	0
"OTU_145"	13	8	0	5	39	24	29	0	0	0	0	0	0	0	0	0	0	0	0	0
"OTU_146"	0	0	0	0	0	0	0	0	0	0	0	0	0	0	0	0	0	51	36	30
"OTU_147"	11	8	0	4	5	5	14	10	8	15	0	10	4	3	0	5	0	7	5	0
"OTU_148"	0	0	0	0	0	0	0	0	0	0	0	55	11	35	13	0	0	0	0	0
"OTU_149"	0	0	0	0	48	0	37	0	0	0	0	0	10	18	0	0	0	0	0	0
"OTU_150"	0	0	0	0	0	0	0	0	0	0	0	0	0	0	66	47	0	0	0	0
"OTU_151"	0	0	0	0	0	0	0	6	7	31	15	0	0	0	0	0	0	39	14	0
"OTU_152"	18	0	17	60	0	0	16	0	0	0	0	0	0	0	0	0	0	0	0	0
"OTU_153"	0	0	0	0	0	0	0	31	9	56	15	0	0	0	0	0	0	0	0	0
"OTU_154"	0	0	0	0	51	0	0	28	0	24	7	0	0	0	0	0	0	0	0	0
"OTU_155"	0	15	14	24	0	12	15	0	0	0	0	13	0	8	0	0	0	0	8	0
"OTU_156"	0	0	0	0	14	0	0	0	0	20	0	0	0	0	10	6	6	36	16	0
"OTU_157"	19	13	50	6	0	0	0	0	0	7	12	0	0	0	0	0	0	0	0	0
"OTU_158"	8	13	11	29	12	0	0	0	7	0	0	19	0	6	0	0	0	0	0	0
"OTU_159"	0	0	0	0	0	0	0	0	0	0	0	83	0	22	0	0	0	0	0	0
"OTU_160"	6	0	0	6	5	13	0	23	0	34	4	8	0	2	0	0	0	0	0	0
"OTU_161"	6	13	4	0	0	0	0	0	0	0	0	52	10	14	0	0	0	0	0	0
"OTU_162"	0	0	0	0	0	0	0	19	0	31	6	27	0	15	0	0	0	0	0	0
"OTU_163"	0	0	0	0	0	0	0	10	4	27	8	0	0	0	10	8	5	13	7	6
"OTU_164"	0	0	0	0	0	0	0	0	0	42	18	0	0	0	17	0	0	8	12	0
"OTU_165"	0	0	0	0	0	0	0	0	0	0	0	36	18	15	9	14	0	5	0	0
"OTU_166"	0	11	0	0	25	8	21	0	0	0	0	20	0	11	0	0	0	0	0	0
"OTU_167"	0	0	0	0	0	0	0	0	0	0	0	60	11	25	0	0	0	0	0	0
"OTU_168"	0	38	28	25	0	0	4	0	0	0	0	0	0	0	0	0	0	0	0	0
"OTU_169"	0	30	8	56	0	0	0	0	0	0	0	0	0	0	0	0	0	0	0	0
"OTU_170"	0	28	0	0	66	0	0	0	0	0	0	0	0	0	0	0	0	0	0	0
"OTU_171"	0	10	5	39	0	0	6	0	0	0	0	19	0	15	0	0	0	0	0	0
"OTU_172"	0	7	0	19	13	0	0	18	0	15	20	0	0	0	0	0	0	0	0	0
"OTU_173"	0	0	0	0	57	0	0	0	0	0	0	0	0	0	0	0	0	34	0	0
"OTU_174"	5	0	0	0	0	0	0	14	0	34	0	11	0	10	16	0	0	0	0	0
"OTU_175"	0	43	0	32	0	0	14	0	0	0	0	0	0	0	0	0	0	0	0	0
"OTU_176"	21	33	2	31	0	0	0	0	0	0	0	0	0	0	0	0	0	0	0	0
"OTU_177"	0	0	0	0	44	0	43	0	0	0	0	0	0	0	0	0	0	0	0	0
"OTU_178"	0	0	0	0	0	0	0	18	30	39	0	0	0	0	0	0	0	0	0	0
"OTU_179"	0	0	0	25	0	0	0	0	0	0	0	0	0	61	0	0	0	0	0	0
"OTU_180"	0	0	0	20	0	0	0	14	0	26	14	11	0	0	0	0	0	0	0	0
"OTU_181"	0	0	0	0	0	0	0	27	0	58	0	0	0	0	0	0	0	0	0	0
"OTU_182"	0	0	0	0	22	13	11	0	0	0	0	28	0	10	0	0	0	0	0	0
"OTU_183"	0	0	0	0	0	0	0	0	0	0	0	0	0	0	0	0	0	32	52	0
"OTU_184"	0	0	0	0	0	0	0	21	18	44	0	0	0	0	0	0	0	0	0	0
"OTU_185"	0	0	0	13	15	0	25	0	0	0	0	29	0	0	0	0	0	0	0	0
"OTU_186"	0	0	0	0	13	0	7	15	0	29	10	0	0	0	8	0	0	0	0	0
"OTU_187"	0	0	0	19	15	0	0	14	0	0	0	0	0	0	0	0	0	11	21	0
"OTU_188"	0	17	9	10	15	14	13	0	0	0	0	0	0	0	0	0	0	0	0	0
"OTU_189"	0	0	0	0	0	0	0	0	0	36	6	0	0	0	30	5	0	0	0	0
"OTU_190"	0	4	8	0	15	11	32	0	0	0	0	0	5	0	0	0	0	0	0	0
"OTU_191"	0	0	10	0	0	0	0	0	0	46	0	0	0	0	19	0	0	0	0	0
"OTU_192"	0	0	0	0	48	0	27	0	0	0	0	0	0	0	0	0	0	0	0	0
"OTU_193"	0	0	0	0	0	0	0	28	0	32	0	0	0	0	0	0	11	0	0	0
"OTU_194"	0	0	0	12	0	0	0	0	0	58	0	0	0	0	0	0	0	0	0	0
"OTU_195"	0	23	0	0	0	0	0	0	4	19	11	0	0	0	0	0	0	12	0	0
"OTU_196"	0	0	0	0	0	0	0	7	0	21	10	0	0	0	4	8	0	9	3	7
"OTU_197"	0	0	0	0	0	0	0	0	0	0	0	0	0	0	34	0	0	13	16	6
"OTU_198"	5	14	12	0	0	4	7	0	0	0	0	10	8	8	0	0	0	0	0	0
"OTU_199"	0	0	0	0	0	0	0	0	0	68	0	0	0	0	0	0	0	0	0	0
"OTU_200"	0	0	0	0	0	0	0	0	0	68	0	0	0	0	0	0	0	0	0	0
"OTU_201"	0	7	0	23	9	7	7	0	0	0	0	7	0	7	0	0	0	0	0	0
"OTU_202"	0	20	9	36	0	0	0	0	0	0	0	0	0	0	0	0	0	0	0	0
"OTU_203"	0	0	0	0	0	0	0	0	0	0	0	0	0	0	46	19	0	0	0	0
"OTU_204"	0	35	0	14	0	0	0	0	0	0	0	0	0	15	0	0	0	0	0	0
"OTU_205"	4	0	7	13	3	0	0	0	0	7	0	9	0	4	5	0	0	11	0	0
"OTU_206"	0	0	0	0	0	0	0	28	0	24	11	0	0	0	0	0	0	0	0	0
"OTU_207"	0	0	0	0	0	0	0	12	0	51	0	0	0	0	0	0	0	0	0	0
"OTU_208"	0	0	0	0	0	0	0	0	0	0	0	0	0	0	13	0	0	29	14	7
"OTU_209"	0	0	0	0	0	0	0	10	0	50	0	0	0	0	0	0	0	0	0	0
"OTU_210"	0	0	0	0	0	0	0	0	0	59	0	0	0	0	0	0	0	0	0	0
"OTU_211"	0	0	0	0	0	0	0	0	0	0	0	0	0	0	13	14	11	21	0	0
"OTU_212"	5	6	0	2	0	0	0	11	4	10	7	4	0	0	4	0	0	0	5	0
"OTU_213"	0	0	0	0	0	0	0	0	0	0	0	58	0	0	0	0	0	0	0	0
"OTU_214"	0	0	0	0	0	0	0	0	0	0	0	0	0	0	8	11	0	17	22	0
"OTU_215"	0	7	3	4	0	0	0	0	13	0	0	0	0	0	5	8	0	10	0	7
"OTU_216"	0	0	0	0	22	7	28	0	0	0	0	0	0	0	0	0	0	0	0	0
"OTU_217"	0	0	0	0	0	0	0	0	0	57	0	0	0	0	0	0	0	0	0	0
"OTU_218"	0	0	0	0	0	0	0	0	0	57	0	0	0	0	0	0	0	0	0	0
"OTU_219"	0	0	0	0	0	0	0	30	0	25	0	0	0	0	0	0	0	0	0	0
"OTU_220"	0	0	0	0	0	0	0	0	32	23	0	0	0	0	0	0	0	0	0	0
"OTU_221"	0	0	0	0	0	0	0	0	0	0	0	0	0	0	6	0	0	32	9	8
"OTU_222"	0	0	0	0	54	0	0	0	0	0	0	0	0	0	0	0	0	0	0	0
"OTU_223"	0	0	0	0	0	21	33	0	0	0	0	0	0	0	0	0	0	0	0	0
"OTU_224"	0	0	0	0	0	0	11	0	0	0	0	0	35	0	0	0	0	0	0	8
"OTU_225"	23	11	10	0	0	0	9	0	0	0	0	0	0	0	0	0	0	0	0	0
"OTU_226"	0	0	0	26	10	7	6	0	0	0	0	0	4	0	0	0	0	0	0	0
"OTU_227"	0	0	0	23	18	0	12	0	0	0	0	0	0	0	0	0	0	0	0	0
"OTU_228"	0	0	0	0	0	0	0	10	0	43	0	0	0	0	0	0	0	0	0	0
"OTU_229"	0	0	0	0	0	0	0	0	0	53	0	0	0	0	0	0	0	0	0	0
"OTU_230"	0	0	0	0	0	0	0	12	0	26	14	0	0	0	0	0	0	0	0	0
"OTU_231"	0	0	0	0	0	0	0	0	0	0	0	0	0	0	0	0	0	44	8	0
"OTU_232"	31	0	0	0	20	0	0	0	0	0	0	0	0	0	0	0	0	0	0	0
"OTU_233"	8	0	0	23	0	20	0	0	0	0	0	0	0	0	0	0	0	0	0	0
"OTU_234"	0	0	0	0	0	0	0	0	0	51	0	0	0	0	0	0	0	0	0	0
"OTU_235"	3	0	0	0	39	0	8	0	0	0	0	0	0	0	0	0	0	0	0	0
"OTU_236"	0	0	0	14	29	0	0	0	0	0	0	0	0	0	0	0	0	6	0	0
"OTU_237"	0	0	0	0	0	15	0	0	0	0	0	0	0	0	14	0	0	20	0	0
"OTU_238"	0	0	0	0	0	0	0	2	0	0	0	0	0	20	6	10	0	11	0	0
"OTU_239"	0	48	0	0	0	0	0	0	0	0	0	0	0	0	0	0	0	0	0	0
"OTU_240"	0	0	0	0	0	10	0	0	0	0	0	29	0	9	0	0	0	0	0	0
"OTU_241"	15	0	0	3	0	0	0	0	0	21	0	0	0	0	0	0	0	8	0	0
"OTU_242"	0	0	10	0	0	0	0	6	0	16	0	7	0	0	0	0	0	8	0	0
"OTU_243"	0	0	0	0	0	0	0	0	0	32	0	0	0	0	0	0	0	15	0	0
"OTU_244"	0	0	0	46	0	0	0	0	0	0	0	0	0	0	0	0	0	0	0	0
"OTU_245"	0	0	0	0	0	0	0	0	0	46	0	0	0	0	0	0	0	0	0	0
"OTU_246"	0	0	0	8	0	0	2	14	0	15	6	0	0	0	0	0	0	0	0	0
"OTU_247"	0	0	0	0	0	0	0	0	0	45	0	0	0	0	0	0	0	0	0	0
"OTU_248"	0	0	0	0	0	0	0	0	0	45	0	0	0	0	0	0	0	0	0	0
"OTU_249"	14	6	0	9	0	0	0	6	0	0	0	0	0	0	0	0	0	6	0	3
"OTU_250"	0	0	0	0	0	0	0	15	0	17	8	0	0	0	0	0	0	4	0	0
"OTU_251"	0	10	9	0	0	0	0	0	22	2	0	0	0	0	0	0	0	0	0	0
"OTU_252"	0	0	0	0	0	0	0	0	7	10	0	0	0	0	12	6	0	0	8	0
"OTU_253"	0	0	0	0	0	0	0	0	0	0	0	0	43	0	0	0	0	0	0	0
"OTU_254"	0	0	42	0	0	0	0	0	0	0	0	0	0	0	0	0	0	0	0	0
"OTU_255"	0	0	0	0	0	0	0	12	0	8	0	0	0	0	0	8	0	14	0	0
"OTU_256"	0	11	0	12	0	0	0	0	0	0	0	0	0	7	0	0	0	0	0	10
"OTU_257"	0	0	0	0	0	0	0	16	0	13	0	0	0	11	0	0	0	0	0	0
"OTU_258"	0	0	0	0	0	0	0	0	0	0	0	40	0	0	0	0	0	0	0	0
"OTU_259"	0	0	0	0	0	18	21	0	0	0	0	0	0	0	0	0	0	0	0	0
"OTU_260"	0	0	0	0	0	0	0	12	0	20	7	0	0	0	0	0	0	0	0	0
"OTU_261"	0	0	0	0	0	0	0	0	6	28	0	0	0	0	5	0	0	0	0	0
"OTU_262"	0	0	0	0	0	0	0	0	0	11	0	0	0	0	0	11	0	9	8	0
"OTU_263"	6	5	0	11	7	0	0	0	0	0	0	7	2	0	0	0	0	0	0	0
"OTU_264"	0	0	9	10	6	0	0	0	0	0	0	13	0	0	0	0	0	0	0	0
"OTU_265"	0	0	0	0	0	38	0	0	0	0	0	0	0	0	0	0	0	0	0	0
"OTU_266"	0	0	0	0	0	0	0	0	0	0	0	0	0	0	0	0	0	0	38	0
"OTU_267"	0	0	0	0	0	0	0	19	0	18	0	0	0	0	0	0	0	0	0	0
"OTU_268"	0	0	0	0	0	0	0	9	0	28	0	0	0	0	0	0	0	0	0	0
"OTU_269"	0	0	0	0	0	0	0	8	10	14	0	0	0	0	0	0	0	5	0	0
"OTU_270"	0	12	0	24	0	0	0	0	0	0	0	0	0	0	0	0	0	0	0	0
"OTU_271"	0	0	0	0	0	0	0	0	0	0	0	0	0	0	0	0	0	26	10	0
"OTU_272"	0	0	0	9	13	0	0	0	0	0	0	0	0	0	13	0	0	0	0	0
"OTU_273"	0	0	0	0	25	0	0	0	0	0	0	10	0	0	0	0	0	0	0	0
"OTU_274"	0	0	0	0	0	6	0	0	0	11	18	0	0	0	0	0	0	0	0	0
"OTU_275"	0	0	0	0	0	0	0	10	0	11	0	0	0	0	0	4	0	0	9	0
"OTU_276"	9	0	4	0	13	0	0	0	0	0	0	7	0	0	0	0	0	0	0	0
"OTU_277"	0	6	7	0	0	0	0	0	0	0	0	20	0	0	0	0	0	0	0	0
"OTU_278"	0	4	0	5	8	0	7	0	0	6	0	0	3	0	0	0	0	0	0	0
"OTU_279"	0	0	0	20	0	0	0	0	0	0	0	0	0	0	13	0	0	0	0	0
"OTU_280"	0	0	0	0	25	0	8	0	0	0	0	0	0	0	0	0	0	0	0	0
"OTU_281"	0	0	0	0	0	0	0	0	0	32	0	0	0	0	0	0	0	0	0	0
"OTU_282"	0	0	0	0	0	0	0	0	0	0	0	0	0	11	21	0	0	0	0	0
"OTU_283"	8	11	0	0	12	0	0	0	0	0	0	0	0	0	0	0	0	0	0	0
"OTU_284"	0	0	0	0	15	0	0	0	0	0	0	16	0	0	0	0	0	0	0	0
"OTU_285"	0	0	0	0	0	31	0	0	0	0	0	0	0	0	0	0	0	0	0	0
"OTU_286"	0	0	0	0	0	0	0	0	30	0	0	0	0	0	0	0	0	0	0	0
"OTU_287"	20	0	0	9	0	0	0	0	0	0	0	0	0	0	0	0	0	0	0	0
"OTU_288"	0	0	0	0	0	0	0	0	0	0	0	29	0	0	0	0	0	0	0	0
"OTU_289"	0	0	0	0	0	0	0	0	0	0	0	17	0	12	0	0	0	0	0	0
"OTU_290"	0	0	0	0	0	0	0	0	0	15	0	0	0	0	0	0	0	13	0	0
"OTU_291"	0	0	0	0	0	0	0	0	0	11	0	0	0	0	0	0	0	17	0	0
"OTU_292"	0	0	0	0	16	11	0	0	0	0	0	0	0	0	0	0	0	0	0	0
"OTU_293"	0	0	16	10	0	0	0	0	0	0	0	0	0	0	0	0	0	0	0	0
"OTU_294"	0	0	0	0	0	0	0	0	14	12	0	0	0	0	0	0	0	0	0	0
"OTU_295"	0	0	0	0	0	0	0	0	12	3	0	0	0	0	0	11	0	0	0	0
"OTU_296"	0	0	0	0	0	0	0	0	0	26	0	0	0	0	0	0	0	0	0	0
"OTU_297"	12	0	0	0	13	0	0	0	0	0	0	0	0	0	0	0	0	0	0	0
"OTU_298"	0	0	0	25	0	0	0	0	0	0	0	0	0	0	0	0	0	0	0	0
"OTU_299"	0	0	0	0	25	0	0	0	0	0	0	0	0	0	0	0	0	0	0	0
"OTU_300"	0	0	0	0	15	10	0	0	0	0	0	0	0	0	0	0	0	0	0	0
"OTU_301"	0	0	0	0	0	0	0	14	0	11	0	0	0	0	0	0	0	0	0	0
"OTU_302"	0	0	0	0	0	0	0	0	0	0	25	0	0	0	0	0	0	0	0	0
"OTU_303"	0	0	0	0	0	0	0	0	0	0	0	0	0	0	0	0	0	13	12	0
"OTU_304"	0	0	0	0	0	0	0	0	0	0	0	0	0	0	0	0	0	0	25	0
"OTU_305"	14	0	0	0	0	0	0	0	10	0	0	0	0	0	0	0	0	0	0	0
"OTU_306"	10	0	6	0	0	0	8	0	0	0	0	0	0	0	0	0	0	0	0	0
"OTU_307"	0	0	6	11	0	0	0	7	0	0	0	0	0	0	0	0	0	0	0	0
"OTU_308"	0	0	2	0	0	3	0	0	2	7	2	6	0	0	0	0	0	2	0	0
"OTU_309"	0	0	0	0	0	0	0	0	0	0	0	0	0	0	0	0	0	24	0	0
"OTU_310"	0	0	16	0	0	0	0	0	0	0	0	0	0	0	0	0	0	0	7	0
"OTU_311"	0	0	0	23	0	0	0	0	0	0	0	0	0	0	0	0	0	0	0	0
"OTU_312"	0	0	0	0	23	0	0	0	0	0	0	0	0	0	0	0	0	0	0	0
"OTU_313"	0	0	0	0	10	0	13	0	0	0	0	0	0	0	0	0	0	0	0	0
"OTU_314"	8	6	0	0	0	0	0	0	0	0	0	8	0	0	0	0	0	0	0	0
"OTU_315"	0	0	22	0	0	0	0	0	0	0	0	0	0	0	0	0	0	0	0	0
"OTU_316"	0	0	4	0	5	0	0	0	4	0	0	3	0	0	0	0	0	0	6	0
"OTU_317"	0	0	0	0	0	0	10	0	0	0	0	0	0	0	0	12	0	0	0	0
"OTU_318"	0	0	0	0	0	0	0	0	22	0	0	0	0	0	0	0	0	0	0	0
"OTU_319"	0	0	0	0	0	0	0	0	0	22	0	0	0	0	0	0	0	0	0	0
"OTU_320"	0	0	0	0	0	0	0	0	0	22	0	0	0	0	0	0	0	0	0	0
"OTU_321"	4	0	5	0	0	0	0	0	0	0	0	10	0	2	0	0	0	0	0	0
"OTU_322"	0	0	0	12	0	0	0	0	0	0	0	0	0	9	0	0	0	0	0	0
"OTU_323"	0	0	0	0	0	0	0	0	0	12	9	0	0	0	0	0	0	0	0	0
"OTU_324"	0	0	0	0	0	0	0	0	0	0	0	0	0	0	21	0	0	0	0	0
"OTU_325"	0	0	0	0	0	0	0	0	0	0	0	0	0	0	0	0	0	8	13	0
"OTU_326"	0	20	0	0	0	0	0	0	0	0	0	0	0	0	0	0	0	0	0	0
"OTU_327"	0	6	6	0	8	0	0	0	0	0	0	0	0	0	0	0	0	0	0	0
"OTU_328"	0	0	0	0	20	0	0	0	0	0	0	0	0	0	0	0	0	0	0	0
"OTU_329"	0	0	0	0	0	0	0	10	0	10	0	0	0	0	0	0	0	0	0	0
"OTU_330"	0	0	0	0	0	0	0	0	0	20	0	0	0	0	0	0	0	0	0	0
"OTU_331"	0	0	0	0	0	0	0	0	0	0	0	20	0	0	0	0	0	0	0	0
"OTU_332"	8	11	0	0	0	0	0	0	0	0	0	0	0	0	0	0	0	0	0	0
"OTU_333"	0	6	6	0	0	0	7	0	0	0	0	0	0	0	0	0	0	0	0	0
"OTU_334"	0	0	0	0	6	0	0	0	0	10	0	0	0	0	0	3	0	0	0	0
"OTU_335"	0	0	0	0	0	13	0	0	0	0	0	6	0	0	0	0	0	0	0	0
"OTU_336"	0	0	0	0	0	0	19	0	0	0	0	0	0	0	0	0	0	0	0	0
"OTU_337"	0	0	0	0	0	0	0	19	0	0	0	0	0	0	0	0	0	0	0	0
"OTU_338"	0	0	0	0	0	0	0	4	0	6	0	0	0	0	0	0	0	9	0	0
"OTU_339"	0	0	0	0	0	0	0	0	0	0	19	0	0	0	0	0	0	0	0	0
"OTU_340"	0	0	0	0	0	0	0	0	0	0	0	0	0	0	0	0	0	19	0	0
"OTU_341"	0	0	0	0	3	3	12	0	0	0	0	0	0	0	0	0	0	0	0	0
"OTU_342"	0	0	0	0	0	0	0	4	0	9	0	0	0	0	5	0	0	0	0	0
"OTU_343"	0	0	0	0	0	0	0	0	0	18	0	0	0	0	0	0	0	0	0	0
"OTU_344"	0	0	0	0	0	0	0	0	0	0	0	18	0	0	0	0	0	0	0	0
"OTU_345"	0	0	0	0	0	0	0	0	0	0	0	0	0	0	0	0	0	18	0	0
"OTU_346"	0	0	0	0	0	0	0	0	0	8	0	0	0	0	9	0	0	0	0	0
"OTU_347"	0	0	0	0	0	0	0	0	0	0	17	0	0	0	0	0	0	0	0	0
"OTU_348"	0	0	0	0	0	0	0	0	0	16	0	0	0	0	0	0	0	0	0	0
"OTU_349"	0	0	0	0	0	0	0	0	0	13	0	0	0	0	0	0	0	3	0	0
"OTU_350"	0	0	0	0	0	0	0	0	0	0	0	0	0	0	0	16	0	0	0	0
"OTU_351"	0	7	0	0	0	0	0	0	0	0	0	8	0	0	0	0	0	0	0	0
"OTU_352"	0	6	0	0	0	0	0	0	0	0	0	0	0	9	0	0	0	0	0	0
"OTU_353"	0	0	0	0	5	5	0	0	0	0	0	5	0	0	0	0	0	0	0	0
"OTU_354"	0	0	0	0	0	0	8	0	0	0	0	0	0	7	0	0	0	0	0	0
"OTU_355"	0	0	0	0	0	0	0	0	0	15	0	0	0	0	0	0	0	0	0	0
"OTU_356"	0	0	0	0	0	0	0	0	0	9	6	0	0	0	0	0	0	0	0	0
"OTU_357"	0	0	0	0	0	0	0	0	0	0	0	15	0	0	0	0	0	0	0	0
"OTU_358"	0	0	0	0	0	0	0	0	0	0	0	0	0	0	0	0	0	15	0	0
"OTU_359"	0	0	0	14	0	0	0	0	0	0	0	0	0	0	0	0	0	0	0	0
"OTU_360"	0	0	0	0	0	0	0	0	0	10	0	0	0	0	0	4	0	0	0	0
"OTU_361"	0	0	0	0	0	0	0	0	0	0	0	14	0	0	0	0	0	0	0	0
"OTU_362"	0	0	0	0	0	0	0	0	0	0	0	0	14	0	0	0	0	0	0	0
"OTU_363"	0	0	0	0	0	0	0	0	0	0	0	0	0	0	0	7	0	7	0	0
"OTU_364"	0	0	0	0	0	0	0	0	0	0	0	0	0	0	0	0	0	14	0	0
"OTU_365"	0	0	13	0	0	0	0	0	0	0	0	0	0	0	0	0	0	0	0	0
"OTU_366"	0	0	0	8	0	0	0	0	0	5	0	0	0	0	0	0	0	0	0	0
"OTU_367"	0	0	0	0	0	0	0	0	0	13	0	0	0	0	0	0	0	0	0	0
"OTU_368"	0	0	0	0	0	0	0	0	0	0	0	0	0	0	0	0	0	10	3	0
"OTU_369"	7	0	0	0	0	0	5	0	0	0	0	0	0	0	0	0	0	0	0	0
"OTU_370"	0	0	4	0	0	0	0	0	0	0	0	0	8	0	0	0	0	0	0	0
"OTU_371"	0	0	0	0	8	4	0	0	0	0	0	0	0	0	0	0	0	0	0	0
"OTU_372"	0	0	0	0	4	0	8	0	0	0	0	0	0	0	0	0	0	0	0	0
"OTU_373"	0	0	0	0	0	5	7	0	0	0	0	0	0	0	0	0	0	0	0	0
"OTU_374"	0	0	0	0	0	0	12	0	0	0	0	0	0	0	0	0	0	0	0	0
"OTU_375"	0	0	0	0	0	0	0	0	0	12	0	0	0	0	0	0	0	0	0	0
"OTU_376"	0	0	0	0	0	0	0	0	0	12	0	0	0	0	0	0	0	0	0	0
"OTU_377"	0	0	0	0	0	0	0	0	0	0	0	0	0	0	0	12	0	0	0	0
"OTU_378"	0	0	0	0	0	0	0	0	0	0	0	0	0	0	0	0	0	12	0	0
"OTU_379"	6	0	0	0	0	0	0	0	5	0	0	0	0	0	0	0	0	0	0	0
"OTU_380"	0	0	0	11	0	0	0	0	0	0	0	0	0	0	0	0	0	0	0	0
"OTU_381"	0	0	0	0	11	0	0	0	0	0	0	0	0	0	0	0	0	0	0	0
"OTU_382"	0	0	0	0	0	0	0	11	0	0	0	0	0	0	0	0	0	0	0	0
"OTU_383"	0	0	0	0	0	0	0	0	0	11	0	0	0	0	0	0	0	0	0	0
"OTU_384"	0	0	0	0	0	0	0	0	0	0	0	11	0	0	0	0	0	0	0	0
"OTU_385"	0	0	0	0	0	0	0	0	0	0	0	11	0	0	0	0	0	0	0	0
"OTU_386"	0	0	0	0	0	0	0	0	0	0	0	0	0	0	11	0	0	0	0	0
"OTU_387"	10	0	0	0	0	0	0	0	0	0	0	0	0	0	0	0	0	0	0	0
"OTU_388"	0	0	0	0	0	0	0	0	0	10	0	0	0	0	0	0	0	0	0	0
"OTU_389"	0	0	0	0	0	0	0	0	0	0	0	0	0	10	0	0	0	0	0	0
"OTU_390"	0	0	0	0	0	0	0	0	0	0	0	0	0	10	0	0	0	0	0	0
"OTU_391"	0	0	0	0	0	0	0	0	0	0	0	0	0	0	10	0	0	0	0	0
"OTU_392"	0	0	0	0	0	0	0	0	0	0	0	0	0	0	0	0	10	0	0	0
"OTU_393"	0	0	0	0	0	0	0	0	0	0	0	0	0	0	0	0	0	5	5	0
"OTU_394"	0	0	0	0	0	0	0	0	0	0	0	0	0	0	0	0	0	0	10	0
"OTU_395"	0	0	0	4	0	0	0	0	0	0	0	0	0	0	0	0	0	5	0	0
"OTU_396"	0	0	0	0	0	9	0	0	0	0	0	0	0	0	0	0	0	0	0	0
"OTU_397"	0	0	0	0	0	0	9	0	0	0	0	0	0	0	0	0	0	0	0	0
"OTU_398"	0	0	0	0	0	0	0	9	0	0	0	0	0	0	0	0	0	0	0	0
"OTU_399"	0	0	0	0	0	0	0	0	9	0	0	0	0	0	0	0	0	0	0	0
"OTU_400"	0	0	0	0	0	0	0	0	0	0	0	9	0	0	0	0	0	0	0	0
"OTU_401"	0	0	0	0	0	0	0	0	0	0	0	0	0	0	0	9	0	0	0	0
"OTU_402"	0	0	0	0	0	0	0	0	0	0	0	0	0	0	0	0	9	0	0	0
"OTU_403"	0	0	0	0	0	0	0	0	0	0	0	0	0	0	0	0	0	9	0	0
"OTU_404"	0	0	0	0	0	0	0	0	0	0	0	0	0	0	0	0	0	9	0	0
"OTU_405"	8	0	0	0	0	0	0	0	0	0	0	0	0	0	0	0	0	0	0	0
"OTU_406"	0	0	0	8	0	0	0	0	0	0	0	0	0	0	0	0	0	0	0	0
"OTU_407"	0	0	0	0	8	0	0	0	0	0	0	0	0	0	0	0	0	0	0	0
"OTU_408"	0	0	0	0	0	8	0	0	0	0	0	0	0	0	0	0	0	0	0	0
"OTU_409"	0	0	0	0	0	0	0	0	0	0	8	0	0	0	0	0	0	0	0	0
"OTU_410"	0	0	0	0	0	0	0	0	0	0	0	8	0	0	0	0	0	0	0	0
"OTU_411"	0	0	0	0	0	0	0	0	0	0	0	0	0	8	0	0	0	0	0	0
"OTU_412"	0	0	0	0	0	0	0	0	0	0	0	0	0	0	0	0	8	0	0	0
"OTU_413"	0	0	0	7	0	0	0	0	0	0	0	0	0	0	0	0	0	0	0	0
"OTU_414"	0	0	0	0	0	0	7	0	0	0	0	0	0	0	0	0	0	0	0	0
"OTU_415"	0	0	0	0	0	0	0	0	7	0	0	0	0	0	0	0	0	0	0	0
"OTU_416"	0	0	0	0	0	0	0	0	0	7	0	0	0	0	0	0	0	0	0	0
"OTU_417"	0	0	0	0	0	0	0	0	0	7	0	0	0	0	0	0	0	0	0	0
"OTU_418"	0	0	0	0	0	0	0	0	0	7	0	0	0	0	0	0	0	0	0	0
"OTU_419"	0	0	0	0	0	0	0	0	0	7	0	0	0	0	0	0	0	0	0	0
"OTU_420"	0	0	0	0	0	0	0	0	0	0	0	0	0	0	0	0	0	7	0	0
"OTU_421"	0	0	0	0	0	0	0	0	0	0	0	0	0	0	0	0	0	7	0	0
"OTU_422"	0	0	0	0	0	0	0	0	0	0	0	0	0	0	0	0	0	7	0	0
"OTU_423"	0	0	0	0	0	0	3	0	0	3	0	0	0	0	0	0	0	0	0	0
"OTU_424"	0	0	0	0	0	0	3	0	0	0	0	0	0	3	0	0	0	0	0	0
"OTU_425"	0	0	0	0	0	0	0	0	6	0	0	0	0	0	0	0	0	0	0	0
"OTU_426"	0	0	0	0	0	0	0	0	0	3	0	0	0	0	3	0	0	0	0	0
"OTU_427"	5	0	0	0	0	0	0	0	0	0	0	0	0	0	0	0	0	0	0	0
"OTU_428"	5	0	0	0	0	0	0	0	0	0	0	0	0	0	0	0	0	0	0	0
"OTU_429"	0	5	0	0	0	0	0	0	0	0	0	0	0	0	0	0	0	0	0	0
"OTU_430"	0	5	0	0	0	0	0	0	0	0	0	0	0	0	0	0	0	0	0	0
"OTU_431"	0	5	0	0	0	0	0	0	0	0	0	0	0	0	0	0	0	0	0	0
"OTU_432"	0	0	0	5	0	0	0	0	0	0	0	0	0	0	0	0	0	0	0	0
"OTU_433"	0	0	0	0	0	5	0	0	0	0	0	0	0	0	0	0	0	0	0	0
"OTU_434"	0	0	0	0	0	0	5	0	0	0	0	0	0	0	0	0	0	0	0	0
"OTU_435"	0	0	0	0	0	0	0	0	5	0	0	0	0	0	0	0	0	0	0	0
"OTU_436"	0	0	0	0	0	0	0	0	0	5	0	0	0	0	0	0	0	0	0	0
"OTU_437"	0	0	0	0	0	0	0	0	0	0	0	0	0	5	0	0	0	0	0	0
"OTU_438"	0	0	0	0	0	0	0	0	0	0	0	0	0	0	0	5	0	0	0	0
"OTU_439"	0	0	0	0	0	0	0	0	0	0	0	0	0	0	0	0	0	5	0	0
"OTU_440"	0	0	0	0	0	0	0	0	0	0	0	0	0	0	0	0	0	0	5	0
"OTU_441"	4	0	0	0	0	0	0	0	0	0	0	0	0	0	0	0	0	0	0	0
"OTU_442"	0	2	0	0	0	0	2	0	0	0	0	0	0	0	0	0	0	0	0	0
"OTU_443"	0	0	0	4	0	0	0	0	0	0	0	0	0	0	0	0	0	0	0	0
"OTU_444"	0	0	0	4	0	0	0	0	0	0	0	0	0	0	0	0	0	0	0	0
"OTU_445"	0	0	0	0	4	0	0	0	0	0	0	0	0	0	0	0	0	0	0	0
"OTU_446"	0	0	0	0	0	4	0	0	0	0	0	0	0	0	0	0	0	0	0	0
"OTU_447"	0	0	0	0	0	0	4	0	0	0	0	0	0	0	0	0	0	0	0	0
"OTU_448"	0	0	0	0	0	0	0	4	0	0	0	0	0	0	0	0	0	0	0	0
"OTU_449"	0	0	0	0	0	0	0	0	4	0	0	0	0	0	0	0	0	0	0	0
"OTU_450"	0	0	0	0	0	0	0	0	0	4	0	0	0	0	0	0	0	0	0	0
"OTU_451"	0	0	0	0	0	0	0	0	0	0	4	0	0	0	0	0	0	0	0	0
"OTU_452"	0	0	0	0	0	0	0	0	0	0	0	4	0	0	0	0	0	0	0	0
"OTU_453"	0	0	0	0	0	0	0	0	0	0	0	0	0	4	0	0	0	0	0	0
"OTU_454"	0	0	0	0	0	0	0	0	0	0	0	0	0	0	4	0	0	0	0	0
"OTU_455"	0	0	0	0	0	0	0	0	0	0	0	0	0	0	4	0	0	0	0	0
"OTU_456"	0	0	0	0	0	0	0	0	0	0	0	0	0	0	0	4	0	0	0	0
"OTU_457"	0	0	0	0	0	0	0	0	0	0	0	0	0	0	0	0	4	0	0	0
"OTU_458"	0	0	0	0	0	0	0	0	0	0	0	0	0	0	0	0	4	0	0	0
"OTU_459"	0	0	0	0	0	0	0	0	0	0	0	0	0	0	0	0	0	4	0	0
"OTU_460"	0	0	0	0	0	0	0	0	0	0	0	0	0	0	0	0	0	0	4	0
"OTU_461"	0	3	0	0	0	0	0	0	0	0	0	0	0	0	0	0	0	0	0	0
"OTU_462"	0	0	0	3	0	0	0	0	0	0	0	0	0	0	0	0	0	0	0	0
"OTU_463"	0	0	0	0	3	0	0	0	0	0	0	0	0	0	0	0	0	0	0	0
"OTU_464"	0	0	0	0	0	0	0	0	0	0	3	0	0	0	0	0	0	0	0	0
"OTU_465"	0	0	0	0	0	0	0	0	0	0	0	0	0	3	0	0	0	0	0	0
"OTU_466"	0	0	0	0	0	0	0	0	0	0	0	0	0	0	0	0	0	3	0	0
"OTU_467"	0	2	0	0	0	0	0	0	0	0	0	0	0	0	0	0	0	0	0	0
"OTU_468"	0	0	2	0	0	0	0	0	0	0	0	0	0	0	0	0	0	0	0	0
"OTU_469"	0	0	0	2	0	0	0	0	0	0	0	0	0	0	0	0	0	0	0	0
"OTU_470"	0	0	0	0	0	2	0	0	0	0	0	0	0	0	0	0	0	0	0	0
"OTU_471"	0	0	0	0	0	0	2	0	0	0	0	0	0	0	0	0	0	0	0	0
"OTU_472"	0	0	0	0	0	0	0	2	0	0	0	0	0	0	0	0	0	0	0	0
"OTU_473"	0	0	0	0	0	0	0	0	0	0	0	0	0	0	0	0	2	0	0	0
"OTU_474"	0	0	0	0	0	0	0	0	0	0	0	0	0	0	0	0	0	0	2	0
