OTUs	"BKCM01"	"BKCM02"	"BKCM03"	"BKCM04"	"BKCM05"	"BKCM06"	"BKCM07"	"BKCM13"	"BKCM14"	"BKCM15"	"BKCM16"	"BKCM21"	"BKCM22"	"BKCM24"	"BKCM25"	"BKCM27"	"BKCM28"	"BKCM29"	"BKCM31"	"BKCM32"
"OTU_1"	300	203	308	165	0	0	0	89	158	119	29	227	775	604	483	532	924	687	845	240
"OTU_2"	22	0	0	24	135	34	52	396	1170	365	1177	0	9	14	696	548	750	429	344	125
"OTU_3"	96	59	74	34	187	189	75	129	388	220	688	140	382	376	167	135	296	78	101	40
"OTU_4"	97	60	77	35	149	177	60	106	389	268	687	134	403	392	179	137	250	79	106	27
"OTU_5"	165	145	84	60	467	386	122	264	510	329	309	164	196	324	0	0	11	0	0	0
"OTU_6"	409	480	400	180	0	0	0	15	294	448	697	0	0	118	0	0	0	31	0	0
"OTU_7"	37	61	61	50	235	264	115	183	302	190	251	76	234	187	95	91	184	72	162	53
"OTU_8"	349	211	392	45	254	130	33	0	0	0	0	204	587	649	0	20	25	0	0	0
"OTU_9"	0	0	0	0	0	0	0	263	722	152	575	0	0	0	75	223	142	88	417	42
"OTU_10"	0	0	0	0	118	63	35	98	253	212	344	44	84	51	293	93	314	265	316	61
"OTU_11"	0	0	0	0	0	0	0	0	0	0	0	0	7	0	0	0	0	1324	1011	238
"OTU_12"	0	0	0	0	109	64	32	98	201	174	373	34	101	64	271	72	302	277	279	54
"OTU_13"	96	54	111	63	0	0	0	37	61	42	0	91	293	224	198	185	294	227	266	91
"OTU_14"	375	97	131	0	243	66	204	58	98	161	28	291	296	206	0	0	0	0	19	0
"OTU_15"	0	0	0	0	115	53	24	71	194	172	292	31	105	44	205	58	262	246	232	34
"OTU_16"	142	105	156	94	0	0	0	0	0	0	28	60	318	248	73	99	29	263	326	99
"OTU_17"	168	66	137	83	0	12	8	0	19	12	34	51	268	212	64	72	25	225	359	96
"OTU_18"	94	151	146	91	39	32	0	60	233	195	326	0	0	32	133	14	141	61	76	51
"OTU_19"	160	94	111	81	0	0	0	0	42	0	25	52	250	188	67	73	19	224	369	92
"OTU_20"	293	334	303	118	25	0	35	85	155	101	162	27	97	63	0	13	0	0	0	0
"OTU_21"	10	18	0	28	6	22	14	69	216	128	404	16	107	151	135	57	231	56	68	12
"OTU_22"	35	44	0	0	176	144	79	113	184	106	150	39	164	134	58	50	108	43	81	0
"OTU_23"	150	85	138	92	0	0	0	0	0	0	0	57	247	166	74	61	0	250	288	90
"OTU_24"	273	318	263	126	0	30	0	67	136	97	163	35	78	48	0	0	0	0	0	0
"OTU_25"	27	30	0	0	165	167	72	105	152	106	173	40	125	106	67	53	121	47	71	0
"OTU_26"	0	0	0	0	0	0	0	114	367	181	329	0	0	45	45	32	70	197	188	46
"OTU_27"	77	170	0	224	0	23	0	0	122	0	0	127	331	508	0	0	0	0	0	0
"OTU_28"	61	70	85	14	0	105	0	53	179	171	276	0	0	0	59	83	115	81	156	44
"OTU_29"	72	125	89	85	57	19	15	52	11	0	0	77	61	42	408	271	17	72	43	28
"OTU_30"	38	54	45	122	67	59	14	14	108	62	162	16	49	80	0	0	0	178	334	108
"OTU_31"	48	11	38	36	56	0	15	0	84	48	58	0	127	61	277	284	317	6	4	5
"OTU_32"	0	0	0	0	0	0	0	93	218	125	262	0	53	0	142	65	271	61	111	21
"OTU_33"	0	0	0	0	0	0	0	94	101	89	253	0	0	0	150	198	315	106	46	68
"OTU_34"	41	18	0	11	19	0	0	91	76	157	45	153	359	387	0	0	0	0	0	0
"OTU_35"	0	0	0	0	0	0	0	22	92	27	103	37	137	102	159	84	161	64	133	50
"OTU_36"	66	49	104	20	56	136	19	25	56	146	14	24	162	107	7	18	0	28	101	32
"OTU_37"	83	30	0	0	127	167	70	143	14	74	5	20	149	216	0	42	0	0	0	0
"OTU_38"	61	38	62	35	43	40	34	29	66	27	69	58	69	134	35	81	61	51	115	26
"OTU_39"	32	65	59	30	106	71	34	46	57	56	61	25	119	72	85	38	112	0	38	16
"OTU_40"	51	83	58	39	104	170	36	20	47	43	63	33	85	77	42	45	0	0	115	0
"OTU_41"	0	0	0	0	0	0	0	70	0	0	0	0	0	0	133	106	204	297	192	75
"OTU_42"	143	69	156	0	99	51	0	0	0	0	0	58	251	249	0	0	0	0	0	0
"OTU_43"	22	75	51	0	78	63	29	43	57	46	54	33	131	68	75	42	95	53	44	0
"OTU_44"	62	76	51	0	169	107	65	0	114	0	190	61	41	90	0	0	13	0	0	0
"OTU_45"	48	0	10	83	0	10	0	0	0	55	0	0	0	0	212	84	247	162	88	29
"OTU_46"	0	0	0	0	0	0	0	23	103	89	294	36	116	90	40	27	153	34	0	10
"OTU_47"	0	0	0	0	0	0	0	101	1	0	150	0	0	0	0	0	0	315	331	98
"OTU_48"	72	70	86	23	199	90	99	0	0	0	0	56	106	103	28	33	24	0	0	0
"OTU_49"	0	11	8	7	9	10	0	40	22	76	0	25	0	22	255	250	215	24	13	0
"OTU_50"	17	47	0	48	8	0	0	0	0	0	13	45	19	64	175	143	218	59	88	20
"OTU_51"	44	121	0	119	0	13	0	0	52	0	0	96	187	317	0	0	0	0	0	0
"OTU_52"	49	35	54	27	57	34	18	65	57	21	61	41	90	77	81	54	110	8	0	0
"OTU_53"	0	0	0	0	0	0	0	0	0	0	0	0	0	0	0	0	0	444	244	179
"OTU_54"	165	78	16	93	82	28	25	20	0	15	0	55	62	108	27	0	56	16	0	0
"OTU_55"	0	54	31	26	0	31	0	54	37	88	0	48	63	116	37	0	25	71	101	42
"OTU_56"	194	291	149	52	0	0	0	7	53	18	49	0	0	0	0	0	0	0	0	0
"OTU_57"	0	0	0	0	0	0	0	28	108	50	127	36	97	79	46	40	0	85	97	16
"OTU_58"	8	0	48	32	0	27	0	14	81	210	0	24	22	12	62	124	129	0	0	0
"OTU_59"	0	14	0	0	0	0	0	105	148	105	222	26	140	29	0	0	0	0	0	0
"OTU_60"	0	0	0	0	0	0	0	0	0	0	0	0	0	0	357	91	237	49	52	0
"OTU_61"	67	20	23	0	0	0	0	0	119	46	124	0	0	0	36	0	0	126	186	36
"OTU_62"	9	17	15	0	10	24	0	99	122	72	23	21	44	18	10	20	10	106	148	15
"OTU_63"	37	95	34	39	26	18	14	23	58	29	59	17	35	21	38	43	42	63	60	18
"OTU_64"	24	32	25	15	41	41	14	24	53	50	99	38	74	42	51	25	74	47	0	0
"OTU_65"	0	0	0	0	0	0	0	0	0	0	0	0	0	0	208	69	150	127	150	60
"OTU_66"	56	0	0	14	43	0	33	37	53	0	84	43	69	38	36	68	80	36	63	0
"OTU_67"	126	77	69	24	60	35	30	5	22	8	23	20	50	49	26	22	50	14	32	10
"OTU_68"	76	104	87	0	129	65	80	27	11	44	0	0	0	0	0	0	0	29	63	30
"OTU_69"	111	40	105	15	100	94	20	0	0	0	0	25	87	147	0	0	0	0	0	0
"OTU_70"	0	92	0	135	0	0	0	0	0	0	0	62	155	262	0	0	0	0	0	0
"OTU_71"	0	68	68	37	0	0	0	45	110	77	173	0	0	0	62	0	64	0	0	0
"OTU_72"	0	0	20	0	81	0	0	26	162	43	135	87	0	0	40	25	81	0	0	0
"OTU_73"	35	71	96	0	44	155	64	0	0	0	0	46	102	78	0	0	0	0	0	0
"OTU_74"	0	0	10	0	35	25	0	40	102	80	96	0	19	0	28	20	36	76	80	33
"OTU_75"	0	0	0	0	0	0	0	16	199	170	278	0	0	0	0	0	0	0	0	0
"OTU_76"	92	103	98	45	0	0	0	0	134	186	0	0	0	0	0	0	0	0	0	0
"OTU_77"	30	26	38	29	38	23	15	0	0	0	49	20	52	67	49	46	52	8	55	28
"OTU_78"	39	73	61	0	58	41	60	0	0	20	0	46	8	73	28	0	102	0	0	0
"OTU_79"	0	47	70	0	0	0	0	43	102	79	146	0	0	0	35	0	49	0	36	0
"OTU_80"	0	0	0	0	0	0	0	86	235	48	212	0	0	0	0	0	0	0	0	0
"OTU_81"	0	0	0	0	0	0	0	0	307	33	238	0	0	0	0	0	0	0	0	0
"OTU_82"	0	0	0	0	0	0	0	74	0	0	129	0	0	0	0	0	0	189	143	42
"OTU_83"	38	31	71	0	88	86	47	0	0	0	0	0	98	112	0	0	0	0	0	0
"OTU_84"	0	0	22	0	113	0	19	50	0	84	104	0	98	56	0	0	0	0	0	0
"OTU_85"	42	24	14	8	49	74	76	3	6	19	20	18	79	93	1	0	2	0	16	0
"OTU_86"	24	34	86	0	66	54	19	0	59	0	63	22	28	58	0	0	0	17	14	0
"OTU_87"	0	0	0	11	51	50	63	31	26	10	50	0	39	50	79	26	49	0	0	0
"OTU_88"	0	0	0	0	35	41	17	0	26	22	28	26	96	68	43	41	52	12	12	6
"OTU_89"	0	0	0	0	0	0	0	8	81	57	120	9	75	21	20	8	41	44	32	8
"OTU_90"	112	25	113	18	0	0	0	0	0	0	0	103	72	78	0	0	0	0	0	0
"OTU_91"	0	0	0	0	0	0	0	0	37	0	0	0	8	10	78	47	147	62	87	25
"OTU_92"	0	0	0	0	0	0	0	0	174	94	226	0	0	0	0	0	0	0	0	0
"OTU_93"	0	74	0	50	0	0	0	0	0	0	0	47	115	196	0	0	0	0	0	0
"OTU_94"	0	0	0	0	0	0	6	19	0	33	0	0	0	0	145	63	115	41	33	26
"OTU_95"	58	37	57	37	0	0	0	0	0	0	7	55	127	99	0	0	0	0	0	0
"OTU_96"	22	9	21	13	5	18	7	6	35	23	59	12	23	30	69	18	43	28	24	5
"OTU_97"	11	0	52	10	0	0	0	0	29	18	0	16	228	0	0	0	0	37	46	15
"OTU_98"	0	0	0	0	0	0	0	0	216	13	0	0	15	218	0	0	0	0	0	0
"OTU_99"	12	0	0	0	0	6	0	0	33	23	48	24	35	0	29	37	47	71	72	23
"OTU_100"	0	0	0	0	0	0	0	71	0	98	274	0	0	0	0	0	0	0	0	0
"OTU_101"	16	26	37	10	37	25	0	17	26	28	56	8	35	10	31	17	0	14	31	12
"OTU_102"	35	27	38	0	95	69	24	0	0	0	0	23	51	65	0	0	0	0	0	0
"OTU_103"	37	36	31	17	57	18	27	0	0	0	0	0	45	28	39	30	55	0	0	0
"OTU_104"	89	82	25	23	23	18	9	16	34	0	29	18	24	19	0	0	0	0	0	0
"OTU_105"	18	19	23	7	44	58	22	16	63	26	90	0	9	9	0	0	0	0	0	0
"OTU_106"	0	0	0	0	0	0	0	9	0	37	30	0	0	0	0	64	68	104	51	39
"OTU_107"	0	0	0	0	0	0	0	20	251	27	0	0	0	101	0	0	0	0	0	0
"OTU_108"	16	12	34	10	35	26	16	0	14	12	58	10	22	29	9	13	0	43	34	0
"OTU_109"	0	0	0	0	7	29	0	23	19	26	49	5	33	20	44	17	92	6	10	5
"OTU_110"	0	0	0	0	0	0	0	110	31	83	0	11	0	0	0	10	20	11	74	21
"OTU_111"	0	0	0	0	0	0	0	0	87	55	80	0	0	0	6	0	0	76	55	12
"OTU_112"	0	0	0	0	0	0	0	0	0	54	35	0	0	0	76	0	143	63	0	0
"OTU_113"	0	0	0	0	0	0	0	0	44	38	129	0	49	40	0	0	61	0	0	0
"OTU_114"	92	64	11	22	0	27	14	0	0	0	0	33	46	32	0	0	0	7	6	0
"OTU_115"	0	0	0	0	0	0	0	0	52	47	139	0	52	0	0	0	62	0	0	0
"OTU_116"	0	0	0	0	47	75	34	0	102	0	0	24	35	29	0	0	0	0	0	0
"OTU_117"	0	0	22	0	82	16	81	37	0	74	28	0	0	0	0	0	0	0	0	0
"OTU_118"	0	0	0	0	0	0	0	47	104	97	89	0	0	0	0	0	0	0	0	0
"OTU_119"	3	0	3	0	45	21	15	16	81	39	76	0	15	17	0	0	0	0	0	0
"OTU_120"	25	9	12	5	23	13	6	19	72	0	34	12	33	28	0	0	0	29	0	0
"OTU_121"	0	0	0	0	0	0	0	76	29	12	195	0	0	0	0	0	0	0	0	0
"OTU_122"	0	0	0	0	0	0	0	0	0	0	0	0	0	0	0	0	0	77	154	79
"OTU_123"	14	25	18	11	19	11	0	4	52	4	61	3	10	7	18	0	11	8	26	6
"OTU_124"	0	0	0	0	0	0	0	11	0	0	0	0	0	0	50	60	98	23	59	0
"OTU_125"	0	0	0	0	0	0	0	20	138	22	115	0	0	0	0	0	0	0	0	0
"OTU_126"	115	0	7	8	0	0	4	0	12	6	67	4	57	12	0	0	0	0	0	0
"OTU_127"	21	15	7	0	0	11	0	60	26	29	39	9	0	0	0	0	0	9	44	22
"OTU_128"	0	0	0	0	0	0	0	0	155	0	0	0	0	135	0	0	0	0	0	0
"OTU_129"	0	0	0	0	0	0	0	24	0	0	0	0	0	24	40	23	47	53	53	24
"OTU_130"	0	0	0	0	159	45	83	0	0	0	0	0	0	0	0	0	0	0	0	0
"OTU_131"	0	0	27	0	0	13	0	0	56	16	0	0	0	41	56	32	0	0	43	0
"OTU_132"	20	37	19	0	0	11	0	0	16	18	30	0	16	0	28	13	14	29	19	12
"OTU_133"	0	30	0	0	38	27	20	30	0	0	10	0	52	16	0	0	0	0	56	0
"OTU_134"	0	0	0	0	123	28	53	0	0	0	0	0	34	39	0	0	0	0	0	0
"OTU_135"	13	0	153	29	0	0	0	14	42	15	8	0	0	0	0	0	0	0	0	0
"OTU_136"	6	0	0	0	0	0	2	10	43	34	11	0	0	0	31	8	44	32	37	16
"OTU_137"	0	22	10	0	10	0	0	22	70	46	45	0	17	0	0	0	0	18	14	0
"OTU_138"	0	0	0	0	11	0	0	20	34	30	56	0	0	0	0	0	0	28	73	18
"OTU_139"	0	0	0	0	0	0	0	0	0	0	74	0	0	0	53	61	80	0	0	0
"OTU_140"	0	0	0	0	0	0	0	0	0	17	0	0	0	0	72	30	103	45	0	0
"OTU_141"	0	0	0	0	0	11	0	21	20	28	26	0	7	0	9	21	7	33	42	39
"OTU_142"	0	0	0	0	0	0	0	0	0	17	0	0	0	0	83	0	113	36	0	15
"OTU_143"	15	18	10	0	37	41	14	7	41	25	38	0	7	10	0	0	0	0	0	0
"OTU_144"	0	0	0	0	0	0	0	60	62	52	79	0	10	0	0	0	0	0	0	0
"OTU_145"	0	0	0	0	0	0	0	0	0	0	0	0	0	0	0	0	0	21	225	0
"OTU_146"	0	21	23	12	38	35	13	0	0	0	0	20	36	46	0	0	0	0	0	0
"OTU_147"	0	12	21	14	24	22	9	0	0	0	0	21	56	57	0	0	8	0	0	0
"OTU_148"	27	0	0	0	52	0	0	0	0	0	0	0	42	0	0	0	0	85	0	24
"OTU_149"	0	0	0	0	0	0	0	69	18	29	38	0	0	0	0	0	0	23	43	9
"OTU_150"	14	11	16	0	28	8	0	13	20	27	39	5	40	7	0	0	0	0	0	0
"OTU_151"	0	0	0	0	0	0	0	39	26	21	91	0	0	0	16	13	22	0	0	0
"OTU_152"	0	0	0	0	28	0	0	26	0	38	38	0	0	0	96	0	0	0	0	0
"OTU_153"	0	0	0	0	149	30	42	0	0	0	0	0	0	0	0	0	0	0	0	0
"OTU_154"	0	13	23	7	0	0	0	0	0	0	0	35	0	122	0	0	0	17	0	0
"OTU_155"	0	0	0	0	0	0	0	0	0	0	0	0	0	0	60	0	54	40	61	0
"OTU_156"	0	0	0	0	0	0	0	95	0	114	0	0	0	0	0	0	0	0	0	0
"OTU_157"	0	0	0	0	0	0	0	0	20	6	0	0	44	24	29	13	44	15	9	4
"OTU_158"	0	0	0	0	0	0	0	0	28	19	46	0	38	27	24	12	0	0	10	0
"OTU_159"	40	34	59	18	33	0	17	0	0	0	0	0	0	0	0	0	0	0	0	0
"OTU_160"	12	10	10	0	0	0	0	0	21	12	26	0	0	0	30	21	43	0	8	8
"OTU_161"	0	0	0	0	0	0	0	0	101	0	98	0	0	0	0	0	0	0	0	0
"OTU_162"	0	0	0	0	118	33	47	0	0	0	0	0	0	0	0	0	0	0	0	0
"OTU_163"	0	0	0	0	0	0	0	0	0	0	0	0	0	0	0	0	65	78	0	52
"OTU_164"	0	0	0	0	0	0	0	0	0	0	0	0	0	0	0	0	0	93	88	14
"OTU_165"	13	8	7	8	0	0	0	0	18	0	38	2	9	11	2	2	21	8	42	4
"OTU_166"	0	0	0	0	0	0	0	7	40	16	63	0	0	0	10	0	28	6	20	0
"OTU_167"	0	0	0	0	36	31	16	0	29	26	51	0	0	0	0	0	0	0	0	0
"OTU_168"	14	16	11	0	33	22	0	0	0	0	0	0	46	46	0	0	0	0	0	0
"OTU_169"	0	0	0	0	0	0	0	0	122	0	66	0	0	0	0	0	0	0	0	0
"OTU_170"	0	0	0	0	0	0	0	48	0	24	0	0	0	0	0	14	12	34	53	0
"OTU_171"	23	9	0	0	0	0	0	8	53	0	24	17	0	0	31	0	0	0	7	10
"OTU_172"	0	0	0	0	0	0	0	13	27	24	18	0	14	0	16	9	20	12	26	0
"OTU_173"	0	0	0	0	0	0	0	95	0	59	0	0	0	0	0	0	0	6	16	0
"OTU_174"	0	0	0	0	0	0	0	0	0	0	0	0	0	174	0	0	0	0	0	0
"OTU_175"	42	31	33	21	0	0	0	0	2	44	0	0	0	0	0	0	0	0	0	0
"OTU_176"	0	0	0	0	18	12	0	33	30	25	35	13	7	0	0	0	0	0	0	0
"OTU_177"	0	0	0	0	101	27	43	0	0	0	0	0	0	0	0	0	0	0	0	0
"OTU_178"	0	12	16	0	0	0	0	16	43	18	21	6	20	0	18	0	0	0	0	0
"OTU_179"	0	0	0	0	0	0	0	77	0	93	0	0	0	0	0	0	0	0	0	0
"OTU_180"	8	0	0	0	6	0	0	18	11	15	34	8	0	8	30	8	22	0	0	0
"OTU_181"	73	0	0	0	0	67	0	0	0	0	0	0	0	0	0	22	0	0	0	0
"OTU_182"	0	0	0	0	0	0	0	21	86	53	0	0	0	0	0	0	0	0	0	0
"OTU_183"	26	16	0	16	14	9	15	0	18	17	0	0	25	0	0	0	0	0	0	0
"OTU_184"	0	0	0	0	0	0	0	0	0	0	0	0	58	0	0	0	0	59	0	38
"OTU_185"	0	0	0	0	16	47	0	0	0	0	0	0	0	0	20	0	27	0	43	0
"OTU_186"	0	0	0	0	0	0	0	0	41	21	91	0	0	0	0	0	0	0	0	0
"OTU_187"	20	11	23	0	62	0	0	0	0	0	0	0	36	0	0	0	0	0	0	0
"OTU_188"	0	32	0	5	0	26	14	0	0	0	30	0	44	0	0	0	0	0	0	0
"OTU_189"	8	14	0	0	8	0	0	0	0	17	40	0	26	0	0	0	0	21	16	0
"OTU_190"	0	0	0	0	23	90	27	0	0	0	0	0	0	0	9	0	0	0	0	0
"OTU_191"	0	9	21	0	16	8	0	0	0	0	0	11	21	26	0	0	0	13	10	13
"OTU_192"	0	0	0	0	0	0	0	0	0	0	0	0	0	0	0	0	0	57	90	0
"OTU_193"	0	0	0	0	0	0	0	0	40	0	106	0	0	0	0	0	0	0	0	0
"OTU_194"	0	0	0	0	0	78	67	0	0	0	0	0	0	0	0	0	0	0	0	0
"OTU_195"	0	0	0	0	0	0	0	0	0	0	0	0	0	0	0	51	94	0	0	0
"OTU_196"	0	21	29	12	21	21	16	0	0	0	0	0	16	0	0	0	0	8	0	0
"OTU_197"	0	0	0	0	0	0	0	6	44	28	66	0	0	0	0	0	0	0	0	0
"OTU_198"	15	10	11	4	8	12	8	0	0	0	0	5	58	10	0	0	0	0	0	0
"OTU_199"	0	0	9	0	0	0	0	20	0	23	35	0	0	0	0	30	13	0	4	7
"OTU_200"	0	0	0	0	0	0	0	17	53	53	17	0	0	0	0	0	0	0	0	0
"OTU_201"	0	0	0	0	0	0	0	14	17	39	23	0	0	0	0	19	25	0	0	0
"OTU_202"	0	0	0	0	0	0	0	0	36	11	39	0	0	0	0	0	0	15	27	9
"OTU_203"	26	10	10	0	23	12	0	0	0	0	0	23	0	31	0	0	0	0	0	0
"OTU_204"	0	0	0	0	0	9	18	0	0	0	0	11	0	8	21	62	6	0	0	0
"OTU_205"	0	0	0	0	0	0	0	36	51	0	47	0	0	0	0	0	0	0	0	0
"OTU_206"	50	0	0	0	0	0	0	23	31	13	16	0	0	0	0	0	0	0	0	0
"OTU_207"	21	22	11	0	18	0	0	0	0	21	6	10	6	18	0	0	0	0	0	0
"OTU_208"	0	0	0	0	0	0	0	0	12	9	112	0	0	0	0	0	0	0	0	0
"OTU_209"	0	9	12	0	0	40	0	0	0	0	10	0	0	0	60	0	0	0	0	0
"OTU_210"	0	4	0	0	8	0	0	0	16	12	6	8	0	11	14	4	19	10	13	5
"OTU_211"	0	0	0	0	107	22	0	0	0	0	0	0	0	0	0	0	0	0	0	0
"OTU_212"	0	0	0	0	12	13	10	0	0	0	0	0	0	0	76	0	12	0	0	0
"OTU_213"	0	0	0	0	0	0	0	10	60	13	40	0	0	0	0	0	0	0	0	0
"OTU_214"	0	0	0	0	0	0	0	0	0	0	0	0	0	0	30	0	78	14	0	0
"OTU_215"	0	0	0	0	0	0	0	0	0	0	0	0	0	0	0	0	15	23	61	22
"OTU_216"	15	13	9	5	13	10	16	0	0	0	0	12	14	13	0	0	0	0	0	0
"OTU_217"	0	0	0	0	0	0	0	0	23	25	66	0	0	0	4	0	2	0	0	0
"OTU_218"	0	0	119	0	0	0	0	0	0	0	0	0	0	0	0	0	0	0	0	0
"OTU_219"	0	0	0	0	0	0	0	10	29	7	30	0	0	0	0	0	0	26	17	0
"OTU_220"	22	0	0	19	0	18	24	0	0	0	0	0	0	0	0	0	0	25	0	10
"OTU_221"	0	8	9	7	16	0	0	13	8	0	19	0	0	0	0	0	0	22	15	0
"OTU_222"	0	0	0	0	0	0	0	0	0	0	0	0	71	46	0	0	0	0	0	0
"OTU_223"	0	0	0	0	0	0	0	0	0	0	0	0	0	0	0	14	102	0	0	0
"OTU_224"	0	0	0	0	0	0	0	0	0	0	0	0	0	0	0	0	0	37	79	0
"OTU_225"	0	0	0	0	0	0	0	0	0	0	0	0	0	0	0	0	0	29	87	0
"OTU_226"	0	0	26	0	0	0	0	0	0	0	0	0	0	89	0	0	0	0	0	0
"OTU_227"	24	41	31	0	18	0	0	0	0	0	0	0	0	0	0	0	0	0	0	0
"OTU_228"	0	0	0	0	0	0	0	0	0	0	0	0	0	0	0	0	0	52	43	18
"OTU_229"	0	0	0	0	10	0	0	0	0	0	0	0	0	13	0	0	0	89	0	0
"OTU_230"	0	0	0	0	0	0	0	0	40	0	71	0	0	0	0	0	0	0	0	0
"OTU_231"	12	0	0	0	14	15	0	0	0	0	0	4	31	34	0	0	0	0	0	0
"OTU_232"	16	34	19	0	0	0	0	7	0	13	20	0	0	0	0	0	0	0	0	0
"OTU_233"	0	0	0	0	17	0	0	8	20	13	16	0	0	10	0	0	0	14	11	0
"OTU_234"	0	0	0	0	0	0	0	0	0	58	0	0	0	0	51	0	0	0	0	0
"OTU_235"	14	51	0	13	0	0	0	0	0	0	0	29	0	0	0	0	0	0	0	0
"OTU_236"	0	0	25	0	0	0	0	0	41	41	0	0	0	0	0	0	0	0	0	0
"OTU_237"	14	17	0	9	21	6	6	0	0	0	0	12	13	8	0	0	0	0	0	0
"OTU_238"	0	0	0	0	0	0	0	0	0	0	0	0	0	0	35	33	38	0	0	0
"OTU_239"	0	0	0	0	0	0	0	0	0	0	0	0	0	0	0	0	105	0	0	0
"OTU_240"	0	0	0	20	0	0	0	0	0	0	0	22	15	47	0	0	0	0	0	0
"OTU_241"	18	9	20	7	0	13	0	0	0	0	0	2	21	13	0	0	0	0	0	0
"OTU_242"	0	0	0	0	0	0	0	0	0	0	0	0	0	0	35	0	68	0	0	0
"OTU_243"	0	0	0	0	0	0	0	12	54	20	16	0	0	0	0	0	0	0	0	0
"OTU_244"	0	0	0	0	0	0	0	0	0	0	0	0	0	0	0	21	65	16	0	0
"OTU_245"	0	0	0	0	0	0	0	0	0	0	0	0	0	0	0	0	39	61	0	0
"OTU_246"	0	0	0	0	0	0	0	0	11	21	27	0	0	0	0	0	0	16	23	0
"OTU_247"	0	0	0	0	0	0	0	0	0	0	0	0	0	0	0	0	0	0	97	0
"OTU_248"	0	0	0	0	0	94	0	0	0	0	0	0	0	0	0	0	0	0	0	0
"OTU_249"	0	0	0	0	0	0	0	9	0	13	0	0	0	0	10	6	13	35	0	7
"OTU_250"	0	0	0	0	0	0	0	0	9	9	17	0	0	0	25	10	13	0	10	0
"OTU_251"	0	0	0	0	0	0	0	0	0	0	0	0	0	0	0	0	0	13	65	15
"OTU_252"	0	0	0	0	0	0	0	0	10	5	0	0	0	0	16	7	29	6	10	9
"OTU_253"	0	0	0	0	0	0	0	0	0	0	0	0	56	36	0	0	0	0	0	0
"OTU_254"	0	0	0	0	26	37	27	0	0	0	0	0	0	0	0	0	0	0	0	0
"OTU_255"	40	16	23	0	0	0	0	0	0	10	0	0	0	0	0	0	0	0	0	0
"OTU_256"	0	0	0	0	0	0	0	0	0	0	0	0	49	0	0	25	14	0	0	0
"OTU_257"	0	0	0	0	0	0	0	0	14	0	73	0	0	0	0	0	0	0	0	0
"OTU_258"	0	0	12	0	13	15	0	0	0	0	0	22	24	0	0	0	0	0	0	0
"OTU_259"	0	0	0	0	0	0	0	0	0	0	0	0	0	16	0	0	0	32	26	12
"OTU_260"	0	0	0	0	15	30	0	0	0	0	40	0	0	0	0	0	0	0	0	0
"OTU_261"	0	0	9	0	0	0	0	0	0	0	19	0	8	10	0	0	0	15	22	0
"OTU_262"	0	0	0	0	0	0	0	14	0	7	28	0	0	0	0	0	0	22	0	12
"OTU_263"	0	0	0	0	0	0	0	29	0	7	0	0	0	0	29	0	17	0	0	0
"OTU_264"	0	0	0	0	0	0	0	0	0	0	0	0	0	0	45	0	36	0	0	0
"OTU_265"	5	0	0	0	0	0	0	0	22	12	19	0	12	10	0	0	0	0	0	0
"OTU_266"	0	6	0	0	9	15	0	0	0	0	0	19	0	31	0	0	0	0	0	0
"OTU_267"	0	0	0	0	23	15	0	0	11	14	0	0	0	17	0	0	0	0	0	0
"OTU_268"	0	0	0	0	0	0	0	6	0	26	17	0	0	0	0	13	18	0	0	0
"OTU_269"	0	0	0	0	0	0	0	28	11	28	12	0	0	0	0	0	0	0	0	0
"OTU_270"	0	0	0	0	0	15	0	0	0	0	0	0	0	0	63	0	0	0	0	0
"OTU_271"	0	0	0	0	0	0	0	0	0	0	0	0	0	0	78	0	0	0	0	0
"OTU_272"	43	0	16	0	11	0	7	0	0	0	0	0	0	0	0	0	0	0	0	0
"OTU_273"	0	0	10	0	0	5	0	0	0	0	0	0	0	61	0	0	0	0	0	0
"OTU_274"	0	0	0	0	0	0	0	13	12	30	21	0	0	0	0	0	0	0	0	0
"OTU_275"	0	0	0	0	0	0	0	0	7	18	0	0	0	0	0	0	0	20	20	11
"OTU_276"	0	9	5	0	12	28	7	0	0	0	0	0	14	0	0	0	0	0	0	0
"OTU_277"	0	0	0	0	29	38	0	0	0	0	0	0	0	8	0	0	0	0	0	0
"OTU_278"	0	0	0	0	27	0	0	0	0	0	0	0	0	0	30	0	0	0	18	0
"OTU_279"	0	0	0	0	0	25	0	11	0	0	0	0	20	0	0	0	0	0	19	0
"OTU_280"	0	0	0	0	0	0	0	0	0	0	29	0	0	0	0	46	0	0	0	0
"OTU_281"	8	0	14	0	0	3	0	4	0	0	8	5	13	19	0	0	0	0	0	0
"OTU_282"	0	0	0	0	0	0	0	7	26	0	0	9	0	0	0	0	0	12	19	0
"OTU_283"	0	0	0	0	0	0	0	0	0	0	16	0	0	0	13	22	22	0	0	0
"OTU_284"	0	0	0	0	0	0	0	19	16	15	0	0	0	0	0	0	0	0	22	0
"OTU_285"	0	0	0	0	0	0	0	0	0	0	0	0	0	0	0	0	0	40	32	0
"OTU_286"	0	0	0	0	0	0	0	0	70	0	0	0	0	0	0	0	0	0	0	0
"OTU_287"	0	0	0	0	0	0	0	0	0	9	0	0	0	0	0	0	8	16	27	8
"OTU_288"	0	0	0	0	0	0	0	0	0	0	0	34	34	0	0	0	0	0	0	0
"OTU_289"	16	0	0	0	0	0	0	0	0	0	0	0	25	26	0	0	0	0	0	0
"OTU_290"	0	0	0	0	0	0	0	0	0	0	0	0	0	0	66	0	0	0	0	0
"OTU_291"	9	0	6	0	15	7	0	0	0	0	0	0	17	11	0	0	0	0	0	0
"OTU_292"	0	0	0	0	0	0	0	0	0	0	0	0	0	0	22	0	38	5	0	0
"OTU_293"	0	0	0	0	0	0	0	0	0	0	0	0	0	0	0	0	0	25	16	24
"OTU_294"	0	0	0	0	21	8	10	0	0	0	0	0	11	14	0	0	0	0	0	0
"OTU_295"	16	4	9	0	2	0	0	0	0	3	7	0	22	0	0	0	0	0	0	0
"OTU_296"	0	0	3	0	0	0	0	0	0	3	32	0	0	0	18	0	7	0	0	0
"OTU_297"	0	0	0	0	0	0	0	0	0	0	0	0	0	0	0	27	36	0	0	0
"OTU_298"	0	0	0	0	0	0	0	0	0	0	0	0	0	0	0	0	0	0	63	0
"OTU_299"	0	0	16	0	0	0	0	0	14	0	18	0	0	0	0	0	0	12	0	0
"OTU_300"	0	0	0	0	30	0	12	0	0	0	0	0	0	0	0	0	18	0	0	0
"OTU_301"	0	0	0	0	16	0	0	0	0	20	0	0	0	0	0	0	24	0	0	0
"OTU_302"	0	0	0	0	0	0	0	0	0	15	0	0	0	0	10	14	21	0	0	0
"OTU_303"	0	0	0	0	0	0	0	0	0	0	0	0	36	24	0	0	0	0	0	0
"OTU_304"	0	0	0	0	0	0	0	0	0	0	0	0	0	0	0	0	0	0	58	0
"OTU_305"	0	12	0	22	0	3	0	0	0	0	0	12	0	8	0	0	0	0	0	0
"OTU_306"	0	0	0	0	8	12	6	9	7	0	0	0	6	0	0	0	0	0	0	9
"OTU_307"	0	0	0	0	0	57	0	0	0	0	0	0	0	0	0	0	0	0	0	0
"OTU_308"	0	0	0	0	0	0	0	0	0	0	0	20	24	13	0	0	0	0	0	0
"OTU_309"	8	0	0	9	13	18	0	0	0	0	0	0	0	8	0	0	0	0	0	0
"OTU_310"	0	0	9	0	8	0	0	0	0	0	0	22	0	17	0	0	0	0	0	0
"OTU_311"	0	0	0	0	0	0	0	0	15	0	31	0	0	0	0	0	0	10	0	0
"OTU_312"	18	0	0	0	0	37	0	0	0	0	0	0	0	0	0	0	0	0	0	0
"OTU_313"	0	0	42	0	0	0	13	0	0	0	0	0	0	0	0	0	0	0	0	0
"OTU_314"	0	0	0	0	0	9	0	0	18	9	0	0	2	0	4	0	4	9	0	0
"OTU_315"	0	0	0	0	0	0	0	0	0	0	37	0	0	0	0	0	0	18	0	0
"OTU_316"	0	0	0	0	0	0	0	0	0	0	0	0	0	0	0	0	0	36	5	14
"OTU_317"	7	4	10	7	11	0	10	0	0	0	0	5	0	0	0	0	0	0	0	0
"OTU_318"	0	0	0	0	54	0	0	0	0	0	0	0	0	0	0	0	0	0	0	0
"OTU_319"	0	0	0	0	12	30	12	0	0	0	0	0	0	0	0	0	0	0	0	0
"OTU_320"	0	0	0	0	0	0	0	0	11	0	16	0	0	0	0	8	19	0	0	0
"OTU_321"	0	0	0	0	0	0	0	0	9	0	20	0	0	0	5	5	4	0	4	7
"OTU_322"	0	0	0	0	0	0	0	0	0	0	0	0	0	0	0	0	0	0	54	0
"OTU_323"	0	0	0	0	23	0	18	12	0	0	0	0	0	0	0	0	0	0	0	0
"OTU_324"	0	0	0	0	0	0	0	0	32	0	21	0	0	0	0	0	0	0	0	0
"OTU_325"	0	0	0	0	0	0	0	0	31	0	0	0	0	0	22	0	0	0	0	0
"OTU_326"	0	0	0	0	0	0	0	0	0	17	0	0	0	0	0	0	0	16	11	9
"OTU_327"	0	0	0	0	0	0	0	0	0	0	0	0	0	14	0	0	0	39	0	0
"OTU_328"	0	0	0	0	10	0	0	0	0	4	5	0	0	32	0	0	0	0	0	0
"OTU_329"	0	0	0	0	0	11	0	11	0	11	0	0	0	0	0	0	0	0	0	18
"OTU_330"	0	0	0	0	0	0	0	0	0	0	0	0	0	0	0	0	0	0	51	0
"OTU_331"	0	0	0	0	0	0	0	0	0	0	0	0	34	16	0	0	0	0	0	0
"OTU_332"	0	0	0	0	0	0	0	0	0	0	0	0	0	0	0	0	0	20	30	0
"OTU_333"	10	0	8	0	3	4	0	0	4	3	5	0	7	0	4	0	0	0	0	0
"OTU_334"	0	6	0	0	0	0	0	0	0	5	0	4	21	12	0	0	0	0	0	0
"OTU_335"	0	0	0	0	0	0	0	0	0	0	12	0	0	6	9	8	13	0	0	0
"OTU_336"	0	0	47	0	0	0	0	0	0	0	0	0	0	0	0	0	0	0	0	0
"OTU_337"	0	0	0	0	0	2	0	0	7	0	9	0	3	8	12	2	0	0	4	0
"OTU_338"	0	5	7	0	0	4	0	0	0	0	0	0	0	0	15	0	15	0	0	0
"OTU_339"	0	0	0	0	12	5	0	0	0	0	0	0	0	0	0	0	0	13	8	8
"OTU_340"	0	0	0	0	0	0	0	7	7	32	0	0	0	0	0	0	0	0	0	0
"OTU_341"	0	0	0	0	0	0	0	0	22	13	11	0	0	0	0	0	0	0	0	0
"OTU_342"	0	0	0	0	0	0	0	0	0	0	0	0	0	0	46	0	0	0	0	0
"OTU_343"	13	0	0	0	0	0	0	0	0	0	0	0	0	32	0	0	0	0	0	0
"OTU_344"	0	10	17	11	0	0	0	0	0	0	0	7	0	0	0	0	0	0	0	0
"OTU_345"	0	0	8	11	0	0	6	0	0	0	0	0	0	0	0	0	0	0	15	5
"OTU_346"	0	0	6	8	0	16	0	0	0	0	0	0	15	0	0	0	0	0	0	0
"OTU_347"	0	0	0	0	0	0	0	27	0	0	0	0	0	0	0	0	8	0	0	10
"OTU_348"	0	0	0	0	0	0	0	0	0	0	0	4	27	13	0	0	0	0	0	0
"OTU_349"	0	0	0	0	0	0	0	0	0	0	0	21	0	22	0	0	0	0	0	0
"OTU_350"	0	0	11	0	14	0	0	0	0	0	0	0	0	0	0	0	0	17	0	0
"OTU_351"	0	0	0	0	19	13	0	0	0	0	0	0	5	2	0	0	0	3	0	0
"OTU_352"	0	0	0	0	0	0	0	0	15	0	27	0	0	0	0	0	0	0	0	0
"OTU_353"	0	0	0	0	0	0	0	0	8	0	8	0	5	0	0	7	14	0	0	0
"OTU_354"	0	0	41	0	0	0	0	0	0	0	0	0	0	0	0	0	0	0	0	0
"OTU_355"	0	0	0	0	0	0	0	0	41	0	0	0	0	0	0	0	0	0	0	0
"OTU_356"	0	0	0	0	0	0	0	0	0	0	41	0	0	0	0	0	0	0	0	0
"OTU_357"	0	0	0	0	0	0	0	0	0	0	0	0	0	0	0	0	0	20	21	0
"OTU_358"	0	0	0	0	0	0	0	27	0	0	0	0	0	0	0	0	0	0	13	0
"OTU_359"	0	0	0	0	0	0	0	0	28	0	12	0	0	0	0	0	0	0	0	0
"OTU_360"	0	6	0	0	0	0	0	0	8	0	25	0	0	0	0	0	0	0	0	0
"OTU_361"	0	0	0	0	18	4	0	0	0	0	0	14	3	0	0	0	0	0	0	0
"OTU_362"	0	0	0	0	0	0	0	19	0	0	20	0	0	0	0	0	0	0	0	0
"OTU_363"	0	0	0	0	0	0	0	0	14	0	16	0	0	0	0	0	0	0	9	0
"OTU_364"	0	0	0	0	0	0	0	0	1	2	5	11	0	0	19	0	1	0	0	0
"OTU_365"	0	0	0	0	0	0	0	0	0	0	0	0	0	0	0	0	0	39	0	0
"OTU_366"	0	0	0	0	0	0	0	0	0	0	0	0	0	0	0	0	0	39	0	0
"OTU_367"	0	0	0	0	0	0	0	0	0	0	0	0	0	38	0	0	0	0	0	0
"OTU_368"	0	6	12	0	0	3	3	0	0	0	0	0	4	9	0	0	0	0	0	0
"OTU_369"	0	0	20	0	0	17	0	0	0	0	0	0	0	0	0	0	0	0	0	0
"OTU_370"	0	0	0	0	15	0	0	0	0	0	22	0	0	0	0	0	0	0	0	0
"OTU_371"	0	0	0	0	0	0	0	0	0	6	12	0	5	0	0	0	0	9	5	0
"OTU_372"	0	0	0	0	0	0	0	0	0	0	0	0	0	0	37	0	0	0	0	0
"OTU_373"	0	0	0	10	0	0	0	0	0	0	0	0	0	0	0	0	0	0	14	12
"OTU_374"	0	0	0	0	0	0	0	18	18	0	0	0	0	0	0	0	0	0	0	0
"OTU_375"	35	0	0	0	0	0	0	0	0	0	0	0	0	0	0	0	0	0	0	0
"OTU_376"	0	0	0	0	0	35	0	0	0	0	0	0	0	0	0	0	0	0	0	0
"OTU_377"	0	0	0	0	0	35	0	0	0	0	0	0	0	0	0	0	0	0	0	0
"OTU_378"	0	0	0	0	0	16	0	0	0	0	0	19	0	0	0	0	0	0	0	0
"OTU_379"	0	0	0	0	0	0	0	16	19	0	0	0	0	0	0	0	0	0	0	0
"OTU_380"	0	0	0	0	0	0	0	9	12	9	5	0	0	0	0	0	0	0	0	0
"OTU_381"	0	0	0	0	0	0	0	0	13	0	0	0	0	0	22	0	0	0	0	0
"OTU_382"	0	0	0	0	0	0	0	0	9	0	26	0	0	0	0	0	0	0	0	0
"OTU_383"	0	0	0	0	0	0	0	0	0	0	0	0	35	0	0	0	0	0	0	0
"OTU_384"	6	0	0	0	0	0	0	9	0	4	0	0	9	6	0	0	0	0	0	0
"OTU_385"	0	0	0	0	0	0	0	0	0	0	0	0	0	0	0	0	0	12	22	0
"OTU_386"	0	0	0	0	0	0	0	0	0	0	0	0	12	12	0	0	0	9	0	0
"OTU_387"	32	0	0	0	0	0	0	0	0	0	0	0	0	0	0	0	0	0	0	0
"OTU_388"	32	0	0	0	0	0	0	0	0	0	0	0	0	0	0	0	0	0	0	0
"OTU_389"	0	0	0	21	0	0	0	0	0	0	0	0	0	0	0	0	0	0	0	11
"OTU_390"	0	0	0	0	0	0	0	0	0	0	0	0	0	0	20	0	0	12	0	0
"OTU_391"	0	0	0	0	0	0	0	0	0	0	0	0	0	0	8	0	14	0	10	0
"OTU_392"	10	0	0	0	0	9	0	0	0	0	0	0	0	12	0	0	0	0	0	0
"OTU_393"	0	0	0	0	0	21	9	0	0	0	0	0	0	0	0	0	0	0	0	0
"OTU_394"	0	0	0	0	0	0	0	0	0	0	30	0	0	0	0	0	0	0	0	0
"OTU_395"	0	0	0	0	0	0	0	0	0	0	10	0	0	0	0	0	0	20	0	0
"OTU_396"	0	0	0	0	0	0	0	0	0	0	0	0	0	0	0	0	0	17	13	0
"OTU_397"	0	0	18	0	11	0	0	0	0	0	0	0	0	0	0	0	0	0	0	0
"OTU_398"	0	0	0	0	11	0	0	0	18	0	0	0	0	0	0	0	0	0	0	0
"OTU_399"	0	0	0	0	0	0	0	10	0	19	0	0	0	0	0	0	0	0	0	0
"OTU_400"	0	0	0	0	0	0	0	0	0	0	29	0	0	0	0	0	0	0	0	0
"OTU_401"	0	0	0	0	6	11	10	0	0	0	0	0	0	0	0	0	0	0	0	0
"OTU_402"	0	0	0	0	3	0	0	0	0	0	0	0	0	0	13	0	11	0	0	0
"OTU_403"	0	0	0	0	0	0	0	7	8	12	0	0	0	0	0	0	0	0	0	0
"OTU_404"	0	0	0	0	0	0	0	0	15	0	12	0	0	0	0	0	0	0	0	0
"OTU_405"	0	0	0	0	0	0	0	0	0	27	0	0	0	0	0	0	0	0	0	0
"OTU_406"	0	0	0	0	0	0	0	0	0	0	22	0	0	0	0	0	0	0	5	0
"OTU_407"	3	0	0	0	0	0	0	0	0	0	0	0	10	13	0	0	0	0	0	0
"OTU_408"	0	0	0	0	0	0	0	0	26	0	0	0	0	0	0	0	0	0	0	0
"OTU_409"	0	0	0	0	0	0	0	0	0	5	21	0	0	0	0	0	0	0	0	0
"OTU_410"	0	0	0	0	25	0	0	0	0	0	0	0	0	0	0	0	0	0	0	0
"OTU_411"	0	0	0	0	25	0	0	0	0	0	0	0	0	0	0	0	0	0	0	0
"OTU_412"	0	0	0	0	14	11	0	0	0	0	0	0	0	0	0	0	0	0	0	0
"OTU_413"	0	0	0	0	0	0	0	0	7	5	0	0	0	0	6	2	5	0	0	0
"OTU_414"	0	0	0	0	0	0	0	0	0	0	25	0	0	0	0	0	0	0	0	0
"OTU_415"	0	0	0	0	0	0	0	0	0	0	24	0	0	0	0	0	0	0	0	0
"OTU_416"	0	0	0	0	0	0	0	0	0	0	0	0	0	9	0	0	0	0	15	0
"OTU_417"	0	0	0	0	0	0	0	0	0	0	0	0	0	0	0	24	0	0	0	0
"OTU_418"	11	0	0	4	8	0	0	0	0	0	0	0	0	0	0	0	0	0	0	0
"OTU_419"	0	0	0	0	0	20	0	0	0	0	0	3	0	0	0	0	0	0	0	0
"OTU_420"	0	0	0	0	0	0	0	0	0	0	0	0	0	0	0	0	0	23	0	0
"OTU_421"	0	0	0	0	9	0	8	0	0	0	0	0	5	0	0	0	0	0	0	0
"OTU_422"	0	0	0	0	0	0	6	0	0	0	0	0	5	11	0	0	0	0	0	0
"OTU_423"	0	0	0	0	0	0	0	12	0	0	0	0	0	9	0	0	0	0	0	0
"OTU_424"	0	0	0	0	0	0	0	4	5	5	7	0	0	0	0	0	0	0	0	0
"OTU_425"	0	0	0	0	0	0	0	0	6	0	6	0	0	0	0	0	9	0	0	0
"OTU_426"	0	0	0	0	0	0	0	0	0	21	0	0	0	0	0	0	0	0	0	0
"OTU_427"	0	0	0	0	0	0	0	0	0	8	13	0	0	0	0	0	0	0	0	0
"OTU_428"	0	0	0	0	0	6	0	0	5	9	0	0	0	0	0	0	0	0	0	0
"OTU_429"	0	0	0	0	0	0	0	0	8	0	12	0	0	0	0	0	0	0	0	0
"OTU_430"	0	0	0	0	0	0	0	0	0	20	0	0	0	0	0	0	0	0	0	0
"OTU_431"	0	0	0	0	0	0	0	0	0	0	0	20	0	0	0	0	0	0	0	0
"OTU_432"	0	0	0	0	0	0	0	0	0	0	0	0	13	0	0	0	0	0	7	0
"OTU_433"	0	0	0	0	0	0	0	0	0	0	0	0	0	0	0	0	20	0	0	0
"OTU_434"	0	0	0	0	0	0	0	0	0	0	0	0	0	0	19	0	0	0	0	0
"OTU_435"	0	0	0	0	0	0	0	0	0	0	0	0	0	0	14	0	5	0	0	0
"OTU_436"	0	0	0	0	0	0	0	0	0	0	0	0	0	0	0	0	0	7	6	6
"OTU_437"	0	0	0	0	18	0	0	0	0	0	0	0	0	0	0	0	0	0	0	0
"OTU_438"	0	0	0	0	18	0	0	0	0	0	0	0	0	0	0	0	0	0	0	0
"OTU_439"	0	0	0	0	0	0	18	0	0	0	0	0	0	0	0	0	0	0	0	0
"OTU_440"	0	0	0	0	0	0	0	0	7	0	11	0	0	0	0	0	0	0	0	0
"OTU_441"	0	0	0	0	0	0	0	0	0	18	0	0	0	0	0	0	0	0	0	0
"OTU_442"	0	0	0	0	0	0	0	0	0	0	18	0	0	0	0	0	0	0	0	0
"OTU_443"	0	0	0	0	0	0	0	0	0	0	0	0	0	0	11	7	0	0	0	0
"OTU_444"	0	0	0	0	0	0	0	0	0	0	0	0	0	0	0	0	0	10	8	0
"OTU_445"	17	0	0	0	0	0	0	0	0	0	0	0	0	0	0	0	0	0	0	0
"OTU_446"	0	0	0	0	0	0	0	0	4	0	13	0	0	0	0	0	0	0	0	0
"OTU_447"	0	0	0	0	0	0	0	0	0	0	0	0	4	13	0	0	0	0	0	0
"OTU_448"	0	0	0	0	3	3	0	0	0	0	7	0	0	0	0	0	0	3	0	0
"OTU_449"	0	0	0	0	0	0	0	0	4	5	0	0	0	0	0	0	0	0	7	0
"OTU_450"	0	0	0	0	0	0	0	0	0	0	16	0	0	0	0	0	0	0	0	0
"OTU_451"	0	0	0	0	0	0	0	0	0	0	0	0	0	0	0	0	16	0	0	0
"OTU_452"	6	0	4	0	0	0	0	0	0	0	5	0	0	0	0	0	0	0	0	0
"OTU_453"	0	0	0	0	0	7	0	0	0	0	0	0	0	0	0	0	0	0	8	0
"OTU_454"	0	0	0	0	0	0	0	0	15	0	0	0	0	0	0	0	0	0	0	0
"OTU_455"	0	0	0	0	0	0	0	0	9	0	0	0	0	6	0	0	0	0	0	0
"OTU_456"	0	0	0	0	0	0	0	0	0	0	15	0	0	0	0	0	0	0	0	0
"OTU_457"	0	0	0	0	0	0	0	0	0	0	0	0	0	0	0	0	12	0	0	3
"OTU_458"	0	0	0	0	0	0	0	0	0	0	0	0	0	0	0	0	0	6	3	6
"OTU_459"	0	0	0	0	0	0	0	0	0	0	0	0	0	0	0	0	0	6	9	0
"OTU_460"	14	0	0	0	0	0	0	0	0	0	0	0	0	0	0	0	0	0	0	0
"OTU_461"	0	0	0	0	0	0	0	7	0	0	0	0	0	0	0	0	0	0	0	7
"OTU_462"	0	0	0	0	0	0	0	0	0	14	0	0	0	0	0	0	0	0	0	0
"OTU_463"	0	0	0	0	0	0	0	0	0	0	0	0	0	14	0	0	0	0	0	0
"OTU_464"	0	0	0	0	0	0	0	0	0	0	0	0	0	0	0	14	0	0	0	0
"OTU_465"	0	0	0	0	0	0	0	0	0	0	0	0	0	0	0	0	0	14	0	0
"OTU_466"	0	0	0	0	0	0	0	0	0	0	0	0	0	0	0	0	0	14	0	0
"OTU_467"	0	0	0	0	0	0	0	0	0	0	0	0	0	0	0	0	0	7	7	0
"OTU_468"	5	0	0	0	0	0	0	0	0	0	0	0	8	0	0	0	0	0	0	0
"OTU_469"	0	0	0	13	0	0	0	0	0	0	0	0	0	0	0	0	0	0	0	0
"OTU_470"	0	0	0	0	13	0	0	0	0	0	0	0	0	0	0	0	0	0	0	0
"OTU_471"	0	0	0	0	4	0	0	0	0	0	0	0	0	0	4	0	5	0	0	0
"OTU_472"	0	0	0	0	0	0	0	0	13	0	0	0	0	0	0	0	0	0	0	0
"OTU_473"	0	0	0	0	0	0	0	0	0	0	0	0	13	0	0	0	0	0	0	0
"OTU_474"	0	0	0	0	0	0	0	0	0	0	0	0	0	0	0	13	0	0	0	0
"OTU_475"	0	0	0	0	0	0	0	0	0	0	0	0	0	0	0	13	0	0	0	0
"OTU_476"	0	0	0	0	0	0	0	0	0	0	0	0	0	0	0	0	13	0	0	0
"OTU_477"	12	0	0	0	0	0	0	0	0	0	0	0	0	0	0	0	0	0	0	0
"OTU_478"	3	0	0	0	0	0	0	0	0	0	0	0	0	0	0	0	9	0	0	0
"OTU_479"	0	12	0	0	0	0	0	0	0	0	0	0	0	0	0	0	0	0	0	0
"OTU_480"	0	0	8	0	0	0	0	0	0	0	0	0	4	0	0	0	0	0	0	0
"OTU_481"	0	0	0	0	0	0	8	0	0	0	0	0	0	0	0	0	0	4	0	0
"OTU_482"	0	0	0	0	0	0	0	12	0	0	0	0	0	0	0	0	0	0	0	0
"OTU_483"	0	0	0	0	0	0	0	0	12	0	0	0	0	0	0	0	0	0	0	0
"OTU_484"	0	0	0	0	0	0	0	0	7	0	0	0	0	0	0	0	0	5	0	0
"OTU_485"	0	0	0	0	0	0	0	0	0	0	6	0	0	0	0	0	0	4	2	0
"OTU_486"	0	0	0	0	0	0	0	0	0	0	0	12	0	0	0	0	0	0	0	0
"OTU_487"	0	0	0	0	0	0	0	0	0	0	0	0	12	0	0	0	0	0	0	0
"OTU_488"	0	0	0	0	0	0	0	0	0	0	0	0	0	0	0	0	12	0	0	0
"OTU_489"	11	0	0	0	0	0	0	0	0	0	0	0	0	0	0	0	0	0	0	0
"OTU_490"	0	0	0	11	0	0	0	0	0	0	0	0	0	0	0	0	0	0	0	0
"OTU_491"	0	0	0	11	0	0	0	0	0	0	0	0	0	0	0	0	0	0	0	0
"OTU_492"	0	0	0	0	11	0	0	0	0	0	0	0	0	0	0	0	0	0	0	0
"OTU_493"	0	0	0	0	0	0	0	0	0	0	0	0	11	0	0	0	0	0	0	0
"OTU_494"	0	0	0	0	0	0	0	0	0	0	0	0	0	11	0	0	0	0	0	0
"OTU_495"	0	0	10	0	0	0	0	0	0	0	0	0	0	0	0	0	0	0	0	0
"OTU_496"	0	0	10	0	0	0	0	0	0	0	0	0	0	0	0	0	0	0	0	0
"OTU_497"	0	0	0	10	0	0	0	0	0	0	0	0	0	0	0	0	0	0	0	0
"OTU_498"	0	0	0	10	0	0	0	0	0	0	0	0	0	0	0	0	0	0	0	0
"OTU_499"	0	0	0	6	0	0	0	0	0	0	4	0	0	0	0	0	0	0	0	0
"OTU_500"	0	0	0	0	0	0	0	0	0	0	10	0	0	0	0	0	0	0	0	0
"OTU_501"	0	0	0	0	0	0	0	0	0	0	0	10	0	0	0	0	0	0	0	0
"OTU_502"	0	0	0	0	0	0	0	0	0	0	0	10	0	0	0	0	0	0	0	0
"OTU_503"	0	0	0	0	0	0	0	0	0	0	0	0	0	10	0	0	0	0	0	0
"OTU_504"	0	0	0	0	0	0	0	0	0	0	0	0	0	0	10	0	0	0	0	0
"OTU_505"	0	0	0	0	0	0	0	0	0	0	0	0	0	0	0	0	10	0	0	0
"OTU_506"	0	0	0	0	0	0	0	0	0	0	0	0	0	0	0	0	0	10	0	0
"OTU_507"	0	0	9	0	0	0	0	0	0	0	0	0	0	0	0	0	0	0	0	0
"OTU_508"	0	0	0	0	0	0	0	0	9	0	0	0	0	0	0	0	0	0	0	0
"OTU_509"	0	0	0	0	0	0	0	0	4	0	5	0	0	0	0	0	0	0	0	0
"OTU_510"	0	0	0	0	0	0	0	0	0	0	9	0	0	0	0	0	0	0	0	0
"OTU_511"	0	0	0	0	0	0	0	0	0	0	9	0	0	0	0	0	0	0	0	0
"OTU_512"	0	0	0	0	0	0	0	0	0	0	9	0	0	0	0	0	0	0	0	0
"OTU_513"	0	0	0	0	0	0	0	0	0	0	0	0	0	0	9	0	0	0	0	0
"OTU_514"	0	0	0	0	0	0	0	0	0	0	0	0	0	0	0	0	0	9	0	0
"OTU_515"	8	0	0	0	0	0	0	0	0	0	0	0	0	0	0	0	0	0	0	0
"OTU_516"	0	0	0	8	0	0	0	0	0	0	0	0	0	0	0	0	0	0	0	0
"OTU_517"	0	0	0	0	0	8	0	0	0	0	0	0	0	0	0	0	0	0	0	0
"OTU_518"	0	0	0	0	0	0	0	8	0	0	0	0	0	0	0	0	0	0	0	0
"OTU_519"	0	0	0	0	0	0	0	8	0	0	0	0	0	0	0	0	0	0	0	0
"OTU_520"	0	0	0	0	0	0	0	0	8	0	0	0	0	0	0	0	0	0	0	0
"OTU_521"	0	0	0	0	0	0	0	0	8	0	0	0	0	0	0	0	0	0	0	0
"OTU_522"	0	0	0	0	0	0	0	0	8	0	0	0	0	0	0	0	0	0	0	0
"OTU_523"	0	0	0	0	0	0	0	0	8	0	0	0	0	0	0	0	0	0	0	0
"OTU_524"	0	0	0	0	0	0	0	0	0	0	0	0	8	0	0	0	0	0	0	0
"OTU_525"	0	0	0	0	0	0	0	0	0	0	0	0	0	8	0	0	0	0	0	0
"OTU_526"	0	0	0	0	0	0	0	0	0	0	0	0	0	0	0	0	0	8	0	0
"OTU_527"	0	0	0	0	0	0	0	0	0	0	0	0	0	0	0	0	0	8	0	0
"OTU_528"	0	0	0	0	0	0	0	0	0	0	0	0	0	0	0	0	0	8	0	0
"OTU_529"	0	0	0	0	0	0	0	0	0	0	0	0	0	0	0	0	0	0	8	0
"OTU_530"	0	0	7	0	0	0	0	0	0	0	0	0	0	0	0	0	0	0	0	0
"OTU_531"	0	0	3	0	0	0	0	0	0	0	0	0	0	4	0	0	0	0	0	0
"OTU_532"	0	0	2	0	0	0	0	0	0	0	0	0	5	0	0	0	0	0	0	0
"OTU_533"	0	0	0	0	0	7	0	0	0	0	0	0	0	0	0	0	0	0	0	0
"OTU_534"	0	0	0	0	0	0	0	0	7	0	0	0	0	0	0	0	0	0	0	0
"OTU_535"	0	0	0	0	0	0	0	0	0	0	7	0	0	0	0	0	0	0	0	0
"OTU_536"	0	0	0	0	0	0	0	0	0	0	7	0	0	0	0	0	0	0	0	0
"OTU_537"	0	0	0	0	0	0	0	0	0	0	7	0	0	0	0	0	0	0	0	0
"OTU_538"	0	0	0	0	0	0	0	0	0	0	0	0	0	0	5	2	0	0	0	0
"OTU_539"	0	0	0	0	0	0	0	0	0	0	0	0	0	0	0	0	7	0	0	0
"OTU_540"	0	0	0	0	0	0	0	0	0	0	0	0	0	0	0	0	0	7	0	0
"OTU_541"	6	0	0	0	0	0	0	0	0	0	0	0	0	0	0	0	0	0	0	0
"OTU_542"	0	0	0	0	0	0	0	0	0	0	6	0	0	0	0	0	0	0	0	0
"OTU_543"	0	0	0	0	0	0	0	0	0	0	0	0	6	0	0	0	0	0	0	0
"OTU_544"	0	0	0	0	0	0	0	0	0	0	0	0	6	0	0	0	0	0	0	0
"OTU_545"	0	0	0	0	0	0	0	0	0	0	0	0	0	0	6	0	0	0	0	0
"OTU_546"	0	0	0	0	0	0	0	0	0	0	0	0	0	0	0	0	0	0	6	0
"OTU_547"	0	0	0	0	0	0	0	0	0	0	0	0	0	0	0	0	0	0	6	0
"OTU_548"	0	0	0	5	0	0	0	0	0	0	0	0	0	0	0	0	0	0	0	0
"OTU_549"	0	0	0	0	0	0	0	0	5	0	0	0	0	0	0	0	0	0	0	0
"OTU_550"	0	0	0	0	0	0	0	0	0	5	0	0	0	0	0	0	0	0	0	0
"OTU_551"	0	0	0	0	0	0	0	0	0	0	0	5	0	0	0	0	0	0	0	0
"OTU_552"	0	0	0	0	0	0	0	0	0	0	0	0	5	0	0	0	0	0	0	0
"OTU_553"	0	0	0	0	0	0	0	0	0	0	0	0	0	5	0	0	0	0	0	0
"OTU_554"	0	0	0	0	0	0	0	0	0	0	0	0	0	5	0	0	0	0	0	0
"OTU_555"	0	0	0	0	0	0	0	0	0	0	0	0	0	0	5	0	0	0	0	0
"OTU_556"	4	0	0	0	0	0	0	0	0	0	0	0	0	0	0	0	0	0	0	0
"OTU_557"	4	0	0	0	0	0	0	0	0	0	0	0	0	0	0	0	0	0	0	0
"OTU_558"	0	4	0	0	0	0	0	0	0	0	0	0	0	0	0	0	0	0	0	0
"OTU_559"	0	0	0	0	0	0	0	0	4	0	0	0	0	0	0	0	0	0	0	0
"OTU_560"	0	0	0	0	0	0	0	0	4	0	0	0	0	0	0	0	0	0	0	0
"OTU_561"	0	0	0	0	0	0	0	0	0	4	0	0	0	0	0	0	0	0	0	0
"OTU_562"	0	0	0	0	0	0	0	0	0	0	4	0	0	0	0	0	0	0	0	0
"OTU_563"	0	0	0	0	0	0	0	0	0	0	4	0	0	0	0	0	0	0	0	0
"OTU_564"	0	0	0	0	0	0	0	0	0	0	0	0	0	4	0	0	0	0	0	0
"OTU_565"	0	0	0	0	0	0	0	0	0	0	0	0	0	0	0	0	0	0	4	0
"OTU_566"	0	0	0	0	0	0	0	0	0	0	0	0	0	0	0	0	0	0	4	0
"OTU_567"	0	0	0	0	0	0	0	0	0	0	0	0	0	0	0	0	0	0	4	0
"OTU_568"	3	0	0	0	0	0	0	0	0	0	0	0	0	0	0	0	0	0	0	0
"OTU_569"	0	3	0	0	0	0	0	0	0	0	0	0	0	0	0	0	0	0	0	0
"OTU_570"	0	0	0	3	0	0	0	0	0	0	0	0	0	0	0	0	0	0	0	0
"OTU_571"	0	0	0	0	0	3	0	0	0	0	0	0	0	0	0	0	0	0	0	0
"OTU_572"	0	0	0	0	0	0	0	3	0	0	0	0	0	0	0	0	0	0	0	0
"OTU_573"	0	0	0	0	0	0	0	0	3	0	0	0	0	0	0	0	0	0	0	0
"OTU_574"	0	0	0	0	0	0	0	0	3	0	0	0	0	0	0	0	0	0	0	0
"OTU_575"	0	0	0	0	0	0	0	0	0	0	3	0	0	0	0	0	0	0	0	0
"OTU_576"	0	0	0	0	0	0	0	0	0	0	0	0	3	0	0	0	0	0	0	0
"OTU_577"	0	0	0	0	0	0	0	0	0	0	0	0	3	0	0	0	0	0	0	0
"OTU_578"	0	0	0	0	0	0	0	0	0	0	0	0	0	0	3	0	0	0	0	0
"OTU_579"	0	0	0	0	0	0	0	0	0	0	0	0	0	0	3	0	0	0	0	0
"OTU_580"	0	0	0	0	0	0	0	0	0	0	0	0	0	0	0	0	3	0	0	0
"OTU_581"	0	0	0	0	0	0	0	0	0	0	0	0	0	0	0	0	0	3	0	0
"OTU_582"	0	0	0	0	0	0	0	0	0	0	0	0	0	0	0	0	0	0	3	0
"OTU_583"	0	0	0	0	0	0	0	0	0	0	0	0	0	0	0	0	0	0	3	0
"OTU_584"	2	0	0	0	0	0	0	0	0	0	0	0	0	0	0	0	0	0	0	0
"OTU_585"	2	0	0	0	0	0	0	0	0	0	0	0	0	0	0	0	0	0	0	0
"OTU_586"	0	0	0	0	0	0	0	0	0	2	0	0	0	0	0	0	0	0	0	0
"OTU_587"	0	0	0	0	0	0	0	0	0	0	0	2	0	0	0	0	0	0	0	0
"OTU_588"	0	0	0	0	0	0	0	0	0	0	0	0	0	2	0	0	0	0	0	0
"OTU_589"	0	0	0	0	0	0	0	0	0	0	0	0	0	0	2	0	0	0	0	0
"OTU_590"	0	0	0	0	0	0	0	0	0	0	0	0	0	0	2	0	0	0	0	0
